"#"	"COOLCARD X"	"COOLCARD Y"	"COOLCARD Z"	"COOLCARD R11"	"COOLCARD R12"	"COOLCARD R13"	"COOLCARD R21"	"COOLCARD R22"	"COOLCARD R23"	"COOLCARD R31"	"COOLCARD R32"	"COOLCARD R33"	"Reference X"	"Reference Y"	"Reference Z"	"Reference R11"	"Reference R12"	"Reference R13"	"Reference R21"	"Reference R22"	"Reference R23"	"Reference R31"	"Reference R32"	"Reference R33"	"TR_1 X"	"TR_1 Y"	"TR_1 Z"	"TR_1 R11"	"TR_1 R12"	"TR_1 R13"	"TR_1 R21"	"TR_1 R22"	"TR_1 R23"	"TR_1 R31"	"TR_1 R32"	"TR_1 R33"	"TR_2 X"	"TR_2 Y"	"TR_2 Z"	"TR_2 R11"	"TR_2 R12"	"TR_2 R13"	"TR_2 R21"	"TR_2 R22"	"TR_2 R23"	"TR_2 R31"	"TR_2 R32"	"TR_2 R33"	"TR_3 X"	"TR_3 Y"	"TR_3 Z"	"TR_3 R11"	"TR_3 R12"	"TR_3 R13"	"TR_3 R21"	"TR_3 R22"	"TR_3 R23"	"TR_3 R31"	"TR_3 R32"	"TR_3 R33"	"TR_4 X"	"TR_4 Y"	"TR_4 Z"	"TR_4 R11"	"TR_4 R12"	"TR_4 R13"	"TR_4 R21"	"TR_4 R22"	"TR_4 R23"	"TR_4 R31"	"TR_4 R32"	"TR_4 R33"	"TR_5 X"	"TR_5 Y"	"TR_5 Z"	"TR_5 R11"	"TR_5 R12"	"TR_5 R13"	"TR_5 R21"	"TR_5 R22"	"TR_5 R23"	"TR_5 R31"	"TR_5 R32"	"TR_5 R33"	"TR_6 X"	"TR_6 Y"	"TR_6 Z"	"TR_6 R11"	"TR_6 R12"	"TR_6 R13"	"TR_6 R21"	"TR_6 R22"	"TR_6 R23"	"TR_6 R31"	"TR_6 R32"	"TR_6 R33"	"TR_7 X"	"TR_7 Y"	"TR_7 Z"	"TR_7 R11"	"TR_7 R12"	"TR_7 R13"	"TR_7 R21"	"TR_7 R22"	"TR_7 R23"	"TR_7 R31"	"TR_7 R32"	"TR_7 R33"	"TR_8 X"	"TR_8 Y"	"TR_8 Z"	"TR_8 R11"	"TR_8 R12"	"TR_8 R13"	"TR_8 R21"	"TR_8 R22"	"TR_8 R23"	"TR_8 R31"	"TR_8 R32"	"TR_8 R33"	
1	106.2245	097.8274	763.0162	0.99350	0.00338	-0.11380	0.00922	0.99389	0.11000	0.11348	-0.11034	0.98739	-201.0054	082.5121	862.7432	-0.03792	0.99928	-0.00202	-0.98574	-0.03707	0.16415	0.16396	0.00821	0.98643	-150.8402	064.8760	866.1924	0.98723	0.15779	-0.02181	-0.15418	0.98094	0.11829	0.04006	-0.11342	0.99274	-104.3704	049.9811	865.5379	0.94140	0.33635	-0.02521	-0.26441	0.78230	0.56400	0.20942	-0.52429	0.82539	-061.8872	029.1209	872.2678	0.85253	0.52082	-0.04408	-0.51983	0.85366	0.03244	0.05453	-0.00474	0.99850	-024.0131	-002.5435	877.7287	0.73759	0.67177	-0.06847	-0.66065	0.73889	0.13261	0.13968	-0.05258	0.98880	005.1666	-039.6039	883.4877	0.57811	0.81498	-0.03997	-0.80317	0.57700	0.14831	0.14393	-0.05364	0.98813	027.4098	-083.4105	890.0754	0.39796	0.91670	-0.03586	-0.90558	0.39879	0.14455	0.14681	-0.02505	0.98885	040.6030	-128.0939	895.4224	0.22588	0.96694	-0.11837	-0.96750	0.23685	0.08855	0.11366	0.09452	0.98901	0 	 0	0	0 	 0	0	0 	 0	0	0 	 0	0	
2	106.2246	097.8295	763.0079	0.99352	0.00326	-0.11364	0.00929	0.99392	0.10970	0.11331	-0.11004	0.98745	-200.9970	082.5047	862.6903	-0.02922	0.99636	-0.08010	-0.99566	-0.02192	0.09049	0.08841	0.08239	0.99267	-150.8540	064.9065	866.7542	0.98469	0.15278	0.08391	-0.16723	0.96383	0.20754	-0.04917	-0.21840	0.97462	-104.3715	050.9292	869.0474	0.93975	0.33963	-0.03890	-0.34174	0.93625	-0.08157	0.00872	0.08995	0.99591	-061.9408	029.1283	872.9899	0.85525	0.51660	-0.04082	-0.50974	0.85284	0.11325	0.09332	-0.07604	0.99273	-024.0134	-002.5437	877.7627	0.73833	0.67242	-0.05206	-0.66104	0.73682	0.14186	0.13375	-0.07032	0.98852	005.1673	-039.6046	883.4870	0.57830	0.81466	-0.04345	-0.80315	0.57787	0.14496	0.14320	-0.04894	0.98848	027.4104	-083.4106	890.0855	0.39852	0.91662	-0.03160	-0.90562	0.39872	0.14447	0.14502	-0.02896	0.98900	040.6040	-128.0917	895.3907	0.22562	0.96536	-0.13106	-0.96786	0.23745	0.08289	0.11113	0.10814	0.98790	0 	 0	0	0 	 0	0	0 	 0	0	0 	 0	0	
3	106.2244	097.8324	763.0036	0.99353	0.00320	-0.11354	0.00938	0.99387	0.11016	0.11320	-0.11051	0.98741	-200.9962	082.5610	862.8498	-0.03301	0.99829	-0.04831	-0.99432	-0.02790	0.10273	0.10121	0.05143	0.99353	-150.8540	064.9065	866.7542	0.98469	0.15332	0.08292	-0.16723	0.96516	0.20127	-0.04917	-0.21206	0.97602	-104.3715	050.6223	869.0474	0.93994	0.33894	-0.04052	-0.34119	0.93650	-0.08099	0.01050	0.08995	0.99589	-061.8890	029.1586	872.2203	0.83853	0.50897	-0.19448	-0.52477	0.85044	-0.03694	0.14659	0.13303	0.98021	-024.0134	-002.5437	877.7433	0.73832	0.67243	-0.05212	-0.66104	0.73681	0.14191	0.13383	-0.07032	0.98851	005.1835	-039.5720	882.8908	0.57725	0.80991	-0.10406	-0.80290	0.58618	0.10833	0.14873	0.02102	0.98865	027.3986	-083.4287	890.0323	0.38828	0.91102	-0.13888	-0.90643	0.40473	0.12074	0.16620	0.07900	0.98292	040.5991	-128.0913	895.3829	0.22528	0.96625	-0.12491	-0.96782	0.23669	0.08550	0.11218	0.10163	0.98848	0 	 0	0	0 	 0	0	0 	 0	0	0 	 0	0	
4	106.2244	097.8277	762.9746	0.99362	0.00323	-0.11270	0.00921	0.99392	0.10972	0.11237	-0.11006	0.98755	-200.9995	082.5743	862.9284	-0.03271	0.99899	-0.03073	-0.99446	-0.02946	0.10092	0.09992	0.03386	0.99442	-150.8413	064.8694	866.4142	0.98393	0.14418	0.10531	-0.16404	0.96288	0.21438	-0.07049	-0.22822	0.97106	-104.3745	050.8535	868.9422	0.94130	0.33468	0.04409	-0.33736	0.92812	0.15743	0.01177	-0.16306	0.98655	-061.8890	029.1586	872.4649	0.83938	0.50723	-0.19536	-0.52341	0.85119	-0.03883	0.14659	0.13485	0.97996	-024.0117	-002.5432	877.7639	0.73877	0.67270	-0.04118	-0.66138	0.73538	0.14764	0.12960	-0.08184	0.98818	005.1777	-039.6312	883.3776	0.57738	0.81470	0.05379	-0.80932	0.56237	0.16955	0.10789	-0.14143	0.98405	027.3831	-083.4243	889.8214	0.39526	0.90888	-0.13307	-0.90710	0.40903	0.09932	0.14470	0.08145	0.98612	040.6562	-128.1715	896.1062	0.23157	0.96558	-0.11850	-0.96944	0.23919	0.05459	0.08106	0.10223	0.99145	043.9657	-176.1278	900.9290	0.04112	0.98796	-0.14915	-0.99317	0.05673	0.10199	0.10922	0.14394	0.98354	
5	106.2241	097.8271	762.9869	0.99350	0.00309	-0.11383	0.00951	0.99389	0.10997	0.11348	-0.11034	0.98739	-201.0025	082.5854	862.9664	-0.03359	0.99924	-0.01970	-0.99336	-0.03120	0.11078	0.11008	0.02329	0.99365	-150.8413	064.8694	866.4142	0.98393	0.14431	0.10514	-0.16404	0.96314	0.21320	-0.07049	-0.22702	0.97133	-104.3742	050.8744	868.8324	0.94034	0.33563	0.05570	-0.34021	0.92912	0.14490	-0.00312	-0.15520	0.98788	-061.8939	029.1411	872.4496	0.84676	0.51573	-0.13043	-0.51875	0.85484	0.01239	0.11789	0.05717	0.99138	-023.9731	-002.5308	878.2808	0.72923	0.61186	0.30635	-0.68426	0.65286	0.32489	-0.00122	-0.44654	0.89476	005.1739	-039.5976	883.5490	0.57705	0.81640	0.02251	-0.80430	0.56329	0.18922	0.14180	-0.12730	0.98168	027.1889	-083.5892	888.1941	0.40139	0.91526	0.03432	-0.90418	0.39000	0.17422	0.14607	-0.10096	0.98411	040.6064	-128.0506	895.4781	0.22542	0.96779	-0.11212	-0.96368	0.23841	0.12035	0.14321	0.08092	0.98638	043.9693	-176.1305	900.9556	0.04169	0.98897	-0.14213	-0.99393	0.05554	0.09496	0.10181	0.13731	0.98528	
6	106.2239	097.8265	763.0037	0.99349	0.00336	-0.11386	0.00932	0.99382	0.11065	0.11353	-0.11099	0.98732	-201.0025	082.5854	862.9664	-0.03359	0.99924	-0.01971	-0.99337	-0.03121	0.11068	0.10998	0.02329	0.99366	-150.8376	064.8591	866.3119	0.98303	0.14060	0.11780	-0.16397	0.96146	0.22071	-0.08223	-0.23628	0.96820	-104.3742	050.8744	868.7832	0.94041	0.33545	0.05567	-0.34003	0.92918	0.14491	-0.00312	-0.15520	0.98788	-061.8971	029.1349	872.4890	0.85016	0.51712	-0.09905	-0.51721	0.85544	0.02680	0.09859	0.02845	0.99472	-023.8493	-002.5207	878.4715	0.71729	0.56684	0.40520	-0.69561	0.61615	0.36944	-0.04025	-0.54686	0.83625	005.1728	-039.5971	883.5232	0.57879	0.81507	0.02560	-0.80551	0.56655	0.17369	0.12707	-0.12115	0.98447	026.8267	-083.9765	886.6495	0.40755	0.89371	0.18757	-0.90102	0.36015	0.24176	0.14851	-0.26753	0.95204	040.6317	-128.0821	895.5524	0.23242	0.97187	0.03806	-0.96841	0.22760	0.10185	0.09032	-0.06054	0.99407	043.9693	-176.1282	900.9444	0.04169	0.98897	-0.14213	-0.99393	0.05554	0.09496	0.10181	0.13731	0.98528	
7	106.2233	097.8257	762.9972	0.99353	0.00349	-0.11351	0.00929	0.99368	0.11188	0.11318	-0.11221	0.98722	-201.0051	082.5930	862.9876	-0.03416	0.99923	-0.01933	-0.99300	-0.03175	0.11373	0.11303	0.02307	0.99332	-150.8357	064.8474	866.2097	0.98198	0.13692	0.13025	-0.16397	0.95998	0.22703	-0.09395	-0.24430	0.96514	-104.3734	050.9039	868.7464	0.94132	0.33581	0.03384	-0.33734	0.93291	0.12601	0.01075	-0.13003	0.99145	-061.8971	029.1349	872.4890	0.85016	0.51712	-0.09905	-0.51721	0.85544	0.02680	0.09859	0.02845	0.99472	-023.7559	-002.4982	878.6500	0.69798	0.51363	0.49902	-0.71203	0.57213	0.40704	-0.07643	-0.63942	0.76505	005.1711	-039.5962	883.4836	0.57746	0.81634	-0.01148	-0.80444	0.57133	0.16265	0.13933	-0.08469	0.98662	027.5117	-083.2330	891.2316	0.39757	0.91422	0.07835	-0.90854	0.38026	0.17311	0.12847	-0.14001	0.98178	040.5913	-128.0842	895.5093	0.22551	0.97389	-0.02615	-0.96930	0.22699	0.09449	0.09796	0.00404	0.99518	043.9691	-176.1240	900.9421	0.04175	0.98819	-0.14741	-0.99373	0.05639	0.09659	0.10376	0.14245	0.98435	
8	106.2241	097.8254	762.9948	0.99350	0.00318	-0.11377	0.00949	0.99381	0.11068	0.11342	-0.11104	0.98732	-201.0066	082.5993	863.0059	-0.03389	0.99928	-0.01701	-0.99367	-0.03187	0.10772	0.10710	0.02056	0.99404	-150.8337	064.8356	866.1074	0.98078	0.13314	0.14265	-0.16405	0.95846	0.23334	-0.10565	-0.25225	0.96188	-104.3754	050.9263	868.7899	0.94030	0.33707	0.04718	-0.34035	0.93062	0.13457	0.00146	-0.14259	0.98978	-061.8991	029.1312	872.5161	0.85031	0.51658	-0.10057	-0.51581	0.85597	0.03552	0.10443	0.02167	0.99430	0 	 0	0	0 	 0	0	0 	 0	0	0 	 0	0	005.1703	-039.6056	883.4979	0.57751	0.81625	-0.01468	-0.80515	0.57245	0.15502	0.13494	-0.07771	0.98780	027.3738	-083.4686	890.2651	0.38155	0.91407	-0.13745	-0.90525	0.39958	0.14444	0.18695	0.06931	0.97992	040.5989	-128.0873	895.4811	0.22621	0.96924	-0.09701	-0.96870	0.23430	0.08204	0.10225	0.07541	0.99190	043.9688	-176.1265	900.9344	0.04175	0.98819	-0.14741	-0.99373	0.05639	0.09659	0.10376	0.14245	0.98435	
9	106.2241	097.8242	762.9908	0.99353	0.00348	-0.11355	0.00924	0.99374	0.11134	0.11323	-0.11167	0.98727	-201.0109	082.5997	863.0063	-0.03443	0.99911	-0.02417	-0.99297	-0.03146	0.11407	0.11321	0.02792	0.99318	-150.8324	064.8234	866.0053	0.97942	0.12926	0.15500	-0.16420	0.95688	0.23963	-0.11734	-0.26015	0.95841	-104.3754	050.9263	868.7698	0.94045	0.33666	0.04711	-0.33994	0.93076	0.13460	0.00146	-0.14260	0.98978	-061.8958	029.1284	872.5525	0.85164	0.52141	-0.05332	-0.51761	0.85268	0.07079	0.08238	-0.03269	0.99607	-023.9018	-002.5434	877.7176	0.73678	0.67201	-0.07448	-0.65864	0.73825	0.14551	0.15277	-0.05815	0.98655	005.1698	-039.6073	883.5187	0.57844	0.81564	-0.01214	-0.80481	0.57306	0.15455	0.13301	-0.07963	0.98791	027.3738	-083.4686	890.2651	0.38159	0.91409	-0.13721	-0.90536	0.39954	0.14387	0.18633	0.06932	0.98004	040.6046	-128.0886	895.5012	0.22623	0.97322	-0.04082	-0.96877	0.22917	0.09471	0.10153	0.01812	0.99467	043.9655	-176.1265	900.9286	0.04165	0.98779	-0.15013	-0.99358	0.05677	0.09787	0.10520	0.14509	0.98381	
10	106.2247	097.8227	762.9694	0.99363	0.00332	-0.11267	0.00918	0.99386	0.11027	0.11234	-0.11061	0.98749	-201.0046	082.5967	863.0133	-0.03348	0.99923	-0.02066	-0.99345	-0.03101	0.10996	0.10923	0.02421	0.99372	0 	 0	0	0 	 0	0	0 	 0	0	0 	 0	0	-104.3774	050.9353	868.7606	0.94057	0.33810	0.03185	-0.33936	0.93223	0.12565	0.01279	-0.12899	0.99156	-061.8943	029.1262	872.5300	0.85167	0.52142	-0.05263	-0.51758	0.85263	0.07167	0.08225	-0.03380	0.99604	-023.9018	-002.5200	878.0195	0.73701	0.67194	-0.07293	-0.65885	0.73831	0.14429	0.15080	-0.05829	0.98684	005.1714	-039.6064	883.5385	0.57902	0.81530	-0.00563	-0.80504	0.57280	0.15431	0.12904	-0.08481	0.98801	027.3844	-083.5178	890.1407	0.36871	0.89907	-0.23608	-0.90519	0.40503	0.12877	0.21139	0.16622	0.96316	040.6020	-128.0844	895.4609	0.22610	0.97203	-0.06351	-0.96871	0.23123	0.09021	0.10238	0.04113	0.99390	043.9646	-176.1259	900.9331	0.04161	0.98801	-0.14871	-0.99372	0.05639	0.09665	0.10388	0.14375	0.98415	
11	106.2157	097.8332	763.0005	0.99362	0.00367	-0.11269	0.00929	0.99341	0.11422	0.11237	-0.11454	0.98704	-201.0257	082.6041	863.0314	-0.03481	0.99917	-0.02113	-0.99333	-0.03226	0.11067	0.10989	0.02484	0.99363	-150.8947	064.7389	866.0924	0.98731	0.15864	-0.00732	-0.15654	0.97992	0.12352	0.02677	-0.12080	0.99232	-104.4763	050.8414	868.6243	0.93898	0.34060	-0.04800	-0.33938	0.94011	0.03172	0.05593	-0.01349	0.99834	-062.0921	028.8338	872.3789	0.84985	0.52572	-0.03717	-0.52022	0.84808	0.10068	0.08446	-0.06623	0.99422	-024.2914	-002.9777	877.2283	0.73642	0.67554	-0.03652	-0.66553	0.73309	0.14020	0.12148	-0.07894	0.98945	004.7632	-040.1606	882.9063	0.57555	0.81729	-0.02774	-0.80665	0.57298	0.14497	0.13438	-0.06106	0.98905	026.7702	-084.1412	889.1703	0.39216	0.89007	-0.23233	-0.90466	0.41894	0.07799	0.16675	0.17959	0.96951	039.9674	-128.8194	894.2211	0.22329	0.97126	-0.08237	-0.96949	0.23006	0.08459	0.10111	0.06097	0.99301	042.7899	-177.0478	899.9538	0.03409	0.91543	-0.40104	-0.99368	0.07399	0.08443	0.10696	0.39563	0.91216	
12	106.2154	097.8345	763.0013	0.99362	0.00346	-0.11273	0.00928	0.99364	0.11224	0.11241	-0.11257	0.98727	-201.0262	082.6107	863.0551	-0.03535	0.99930	-0.01215	-0.99257	-0.03369	0.11696	0.11647	0.01619	0.99306	-150.8947	064.7389	866.0924	0.98731	0.15864	-0.00733	-0.15654	0.97993	0.12343	0.02677	-0.12072	0.99233	-104.4750	050.8341	868.6210	0.93970	0.34171	-0.01411	-0.33992	0.93774	0.07137	0.03762	-0.06227	0.99735	-062.0883	028.8361	872.3735	0.84977	0.52565	-0.03992	-0.51987	0.84816	0.10175	0.08734	-0.06572	0.99401	-024.2884	-002.9779	877.2432	0.73571	0.67655	-0.03189	-0.66619	0.73133	0.14608	0.12215	-0.08623	0.98876	004.7611	-040.1586	882.9096	0.57575	0.81720	-0.02641	-0.80629	0.57283	0.14750	0.13566	-0.06363	0.98871	026.7856	-084.1359	889.0382	0.38893	0.90036	-0.19518	-0.90789	0.41056	0.08477	0.15646	0.14423	0.97710	039.9625	-128.8202	894.2364	0.22350	0.97096	-0.08531	-0.96965	0.23039	0.08185	0.09913	0.06443	0.99299	042.7899	-177.0478	900.2364	0.03409	0.91543	-0.40104	-0.99368	0.07399	0.08443	0.10696	0.39563	0.91216	
13	106.2157	097.8345	763.0164	0.99358	0.00348	-0.11310	0.00942	0.99351	0.11332	0.11276	-0.11366	0.98710	-201.0227	082.6057	863.0297	-0.03566	0.99932	-0.00935	-0.99252	-0.03432	0.11716	0.11676	0.01346	0.99307	-150.8947	064.7389	866.0924	0.98731	0.15864	-0.00733	-0.15654	0.97993	0.12343	0.02677	-0.12072	0.99233	-104.4750	050.8341	868.6210	0.93970	0.34171	-0.01411	-0.33992	0.93774	0.07137	0.03762	-0.06227	0.99735	-062.0884	028.8350	872.3733	0.85006	0.52569	-0.03240	-0.52067	0.84803	0.09875	0.07939	-0.06707	0.99458	-024.2903	-002.9759	877.2762	0.73552	0.67693	-0.02804	-0.66469	0.72900	0.16354	0.13115	-0.10165	0.98614	004.7607	-040.1589	882.9110	0.57494	0.81757	-0.03195	-0.80593	0.57263	0.15025	0.14113	-0.06063	0.98813	026.8125	-084.1234	889.1102	0.39258	0.90978	-0.13480	-0.90616	0.40769	0.11252	0.15732	0.07798	0.98446	039.9674	-128.8218	894.2436	0.22389	0.97087	-0.08539	-0.96956	0.23078	0.08186	0.09918	0.06447	0.99298	042.9524	-176.9934	899.8369	0.03637	0.99798	-0.05211	-0.99627	0.04029	0.07632	0.07826	0.04914	0.99572	
14	106.2148	097.8355	763.0038	0.99369	0.00363	-0.11208	0.00939	0.99327	0.11542	0.11175	-0.11574	0.98697	-201.0819	082.6038	863.7589	-0.02540	0.99968	0.00086	-0.99687	-0.02539	0.07489	0.07489	0.00104	0.99719	-150.9007	064.3964	865.1506	0.97786	0.16423	0.12969	-0.17805	0.97858	0.10336	-0.10993	-0.12416	0.98615	-104.4748	050.8356	868.6295	0.93986	0.34151	0.00575	-0.34050	0.93549	0.09448	0.02689	-0.09075	0.99551	-062.0886	028.8379	872.3712	0.85043	0.52525	-0.02957	-0.52021	0.84798	0.10157	0.07842	-0.07099	0.99439	-024.2903	-002.9759	877.2762	0.73553	0.67692	-0.02801	-0.66470	0.72901	0.16347	0.13108	-0.10162	0.98615	004.7604	-040.1585	882.9042	0.57495	0.81733	-0.03734	-0.80603	0.57366	0.14574	0.14054	-0.05369	0.98862	026.8698	-084.0510	888.3920	0.39238	0.88191	-0.26128	-0.91307	0.40778	0.00518	0.11111	0.23654	0.96525	039.9643	-128.8218	894.2436	0.22387	0.97078	-0.08636	-0.96956	0.23085	0.08163	0.09918	0.06546	0.99291	042.9898	-176.9278	899.6456	0.04136	0.99852	-0.03520	-0.99283	0.04503	0.11074	0.11217	0.03037	0.99323	
15	106.2141	097.8353	763.0000	0.99365	0.00364	-0.11245	0.00932	0.99338	0.11452	0.11213	-0.11485	0.98704	-201.0508	082.5564	863.2289	-0.02977	0.99892	-0.03565	-0.99533	-0.02634	0.09290	0.09186	0.03825	0.99504	-150.9704	064.9433	866.5404	0.97292	0.14975	-0.17606	-0.13707	0.98715	0.08219	0.18611	-0.05583	0.98094	-104.4741	050.8379	868.6377	0.93981	0.34074	0.02558	-0.34131	0.93258	0.11751	0.01619	-0.11917	0.99274	-062.0200	028.8242	871.6678	0.84384	0.51178	-0.16128	-0.52470	0.84992	-0.04831	0.11236	0.12539	0.98573	-024.2911	-002.9775	877.2697	0.73667	0.67594	-0.02048	-0.66512	0.72968	0.15869	0.12221	-0.10328	0.98712	004.7606	-040.1586	882.9069	0.57492	0.81764	-0.03068	-0.80609	0.57243	0.15017	0.14035	-0.06161	0.98818	026.8269	-084.1053	889.0004	0.39268	0.90452	-0.16629	-0.90804	0.40999	0.08584	0.14582	0.11729	0.98233	039.9613	-128.8234	894.2455	0.22358	0.97130	-0.08117	-0.96971	0.23007	0.08209	0.09841	0.06036	0.99331	043.0193	-176.9431	899.6314	0.03947	0.98499	-0.16803	-0.99217	0.05858	0.11032	0.11851	0.16236	0.97959	
16	106.2149	097.8360	763.0009	0.99363	0.00364	-0.11264	0.00931	0.99341	0.11423	0.11232	-0.11455	0.98705	-201.0205	082.5739	863.0666	-0.03409	0.99929	-0.01605	-0.99161	-0.03181	0.12531	0.12471	0.02018	0.99199	-150.9704	065.1589	867.0883	0.97344	0.14926	-0.17360	-0.13679	0.98722	0.08177	0.18359	-0.05585	0.98142	-104.4731	050.8412	868.6454	0.93955	0.33939	0.04537	-0.34237	0.92901	0.14045	0.00552	-0.14749	0.98905	-062.0520	028.8872	872.9157	0.84920	0.52009	0.09144	-0.52486	0.81223	0.25456	0.05813	-0.26416	0.96273	-024.2911	-002.9759	877.2697	0.73661	0.67600	-0.02057	-0.66516	0.72963	0.15878	0.12234	-0.10328	0.98710	004.7609	-040.1588	882.8944	0.57527	0.81744	-0.02924	-0.80615	0.57266	0.14893	0.13848	-0.06211	0.98842	026.8360	-084.0985	889.0211	0.39303	0.90834	-0.14301	-0.90810	0.40786	0.09489	0.14452	0.09257	0.98516	039.9613	-128.8234	894.2455	0.22359	0.97130	-0.08117	-0.96970	0.23008	0.08209	0.09841	0.06036	0.99331	043.0193	-176.9283	899.6153	0.03981	0.98477	-0.16926	-0.99217	0.05904	0.11010	0.11842	0.16355	0.97940	
17	106.2155	097.8374	763.0039	0.99361	0.00356	-0.11277	0.00940	0.99342	0.11416	0.11243	-0.11449	0.98704	-201.0332	082.5739	863.0666	-0.03375	0.99928	-0.01743	-0.99162	-0.03130	0.12531	0.12467	0.02152	0.99196	-151.1667	065.5033	867.9941	0.93793	0.13421	-0.31980	-0.11915	0.99066	0.06629	0.32571	-0.02408	0.94516	-104.4719	050.8415	868.6353	0.93980	0.34087	0.02404	-0.34124	0.93249	0.11841	0.01795	-0.11948	0.99267	-062.0597	028.8646	872.3669	0.84277	0.52752	-0.10707	-0.52156	0.84947	0.07990	0.13310	-0.01149	0.99104	-024.2912	-002.9763	877.2733	0.73704	0.67561	-0.01826	-0.66542	0.73013	0.15533	0.11827	-0.10233	0.98769	004.7591	-040.1595	882.9150	0.57535	0.81748	-0.02650	-0.80628	0.57231	0.14955	0.13742	-0.06468	0.98840	026.8423	-084.0987	889.0476	0.39334	0.90928	-0.13600	-0.90807	0.40736	0.09724	0.14381	0.08525	0.98593	039.9603	-128.8239	894.2471	0.22402	0.97168	-0.07523	-0.96966	0.22998	0.08292	0.09787	0.05437	0.99371	043.0644	-176.9358	899.6781	0.04056	0.98932	-0.13997	-0.99291	0.05557	0.10506	0.11171	0.13472	0.98457	
18	106.2158	097.8382	763.0049	0.99362	0.00358	-0.11274	0.00937	0.99342	0.11412	0.11241	-0.11444	0.98705	-201.0232	082.5873	863.1226	-0.03271	0.99946	0.00314	-0.99257	-0.03286	0.11711	0.11715	0.00071	0.99311	-151.4586	065.8305	868.8482	0.88009	0.11451	-0.46079	-0.10386	0.99341	0.04850	0.46331	0.00517	0.88618	-104.4719	050.8415	868.6353	0.93976	0.34097	0.02440	-0.34139	0.93245	0.11828	0.01758	-0.11948	0.99268	-062.0608	028.8531	872.3669	0.84274	0.52752	-0.10726	-0.52154	0.84946	0.08005	0.13334	-0.01152	0.99100	-024.2916	-002.9763	877.2664	0.73745	0.67521	-0.01596	-0.66568	0.73062	0.15186	0.11420	-0.10137	0.98827	004.7577	-040.1601	882.8943	0.57516	0.81727	-0.03537	-0.80602	0.57357	0.14611	0.13970	-0.05553	0.98864	026.8468	-084.0995	889.0336	0.39341	0.90743	-0.14765	-0.90779	0.40882	0.09369	0.14538	0.09718	0.98459	039.9603	-128.8240	894.2471	0.22397	0.97169	-0.07523	-0.96967	0.22993	0.08292	0.09787	0.05437	0.99371	043.1734	-176.8081	898.7405	0.03825	0.98107	-0.18985	-0.99214	0.05994	0.10988	0.11918	0.18415	0.97565	
19	106.2151	097.8398	763.0020	0.99356	0.00355	-0.11326	0.00947	0.99341	0.11424	0.11292	-0.11458	0.98698	-201.0232	082.5883	863.1226	-0.03271	0.99946	0.00314	-0.99257	-0.03286	0.11711	0.11715	0.00071	0.99311	-151.5352	066.1384	869.6294	0.80236	0.09069	-0.58991	-0.09158	0.99539	0.02847	0.58977	0.03118	0.80697	-104.4708	050.8442	868.6214	0.93961	0.34130	0.02554	-0.34179	0.93183	0.12195	0.01782	-0.12331	0.99221	-062.0518	028.8588	872.2274	0.83666	0.52312	-0.16233	-0.52288	0.85107	0.04767	0.16309	0.04500	0.98559	-024.2924	-002.9762	877.2628	0.73785	0.67482	-0.01365	-0.66592	0.73112	0.14839	0.11012	-0.10040	0.98883	004.7577	-040.1601	882.8943	0.57516	0.81727	-0.03537	-0.80602	0.57357	0.14611	0.13969	-0.05553	0.98864	026.8468	-084.0992	889.0336	0.39342	0.90720	-0.14904	-0.90779	0.40897	0.09306	0.14538	0.09869	0.98444	039.9608	-128.8238	894.2471	0.22416	0.97173	-0.07413	-0.96962	0.23002	0.08320	0.09790	0.05323	0.99377	043.1734	-176.8081	899.1107	0.03825	0.98107	-0.18985	-0.99214	0.05994	0.10988	0.11918	0.18415	0.97565	
20	106.2145	097.8397	762.9870	0.99364	0.00356	-0.11251	0.00944	0.99334	0.11484	0.11216	-0.11517	0.98699	-201.0207	082.5919	863.1089	-0.03336	0.99944	0.00070	-0.99225	-0.03321	0.11976	0.11972	0.00330	0.99280	-150.9306	064.9324	866.6692	0.98593	0.15569	0.06092	-0.16328	0.97500	0.15072	-0.03593	-0.15854	0.98670	-104.4708	050.8442	868.6214	0.93961	0.34131	0.02547	-0.34179	0.93183	0.12197	0.01790	-0.12331	0.99221	-062.0880	028.8577	872.5240	0.84939	0.52745	-0.01843	-0.52237	0.84516	0.11328	0.07532	-0.08659	0.99339	-024.2933	-002.9760	877.2527	0.73825	0.67443	-0.01135	-0.66614	0.73161	0.14492	0.10604	-0.09943	0.98938	004.7570	-040.1606	882.8839	0.57532	0.81701	-0.03874	-0.80596	0.57434	0.14337	0.13938	-0.05126	0.98891	026.8462	-084.0972	889.0022	0.39316	0.90713	-0.15016	-0.90834	0.40852	0.08960	0.14262	0.10117	0.98459	039.9614	-128.8235	894.2471	0.22434	0.97177	-0.07302	-0.96958	0.23011	0.08347	0.09792	0.05208	0.99383	043.2169	-176.9076	899.7816	0.04074	0.97574	-0.21510	-0.99143	0.06622	0.11265	0.12416	0.20867	0.97007	
21	106.2159	097.8711	763.0242	0.99333	0.00322	-0.11524	0.00961	0.99382	0.11060	0.11488	-0.11098	0.98716	-201.0422	082.6208	862.8906	-0.03350	0.99680	0.07255	-0.98841	-0.04380	0.14532	0.14803	-0.06684	0.98672	-150.9756	064.6748	866.3115	0.98665	0.16285	0.00144	-0.16072	0.97226	0.16991	0.02627	-0.16788	0.98546	-104.6931	050.7127	868.6991	0.93187	0.33696	-0.13447	-0.33624	0.94134	0.02875	0.13627	0.01842	0.99050	-062.3207	028.4439	872.1745	0.84989	0.52683	-0.01151	-0.52381	0.84700	0.09061	0.05749	-0.07098	0.99582	-024.6244	-003.4868	877.1741	0.73240	0.67709	-0.07170	-0.66806	0.73495	0.11640	0.13151	-0.03735	0.99061	004.0627	-041.1540	880.2288	0.56622	0.82288	-0.04753	-0.82242	0.56786	0.03391	0.05489	0.01989	0.99829	026.2377	-084.8129	889.3796	0.38456	0.81857	0.42668	-0.91578	0.28023	0.28777	0.11599	-0.50141	0.85740	039.1247	-129.6599	893.4463	0.22019	0.97235	-0.07775	-0.97101	0.22609	0.07762	0.09305	0.05840	0.99395	042.2327	-177.7359	898.5017	0.03776	0.99492	-0.09331	-0.99383	0.04713	0.10039	0.10428	0.08895	0.99056	
22	106.2158	097.8712	763.0232	0.99336	0.00328	-0.11499	0.00959	0.99376	0.11116	0.11464	-0.11153	0.98713	-201.0377	082.6211	862.7741	-0.03476	0.99939	0.00146	-0.99175	-0.03467	0.12340	0.12337	0.00285	0.99236	-150.9850	064.6863	866.3266	0.98644	0.16328	-0.01631	-0.15867	0.97445	0.15900	0.04186	-0.15425	0.98714	-104.6931	050.7127	868.6991	0.93258	0.33523	-0.13386	-0.33426	0.94199	0.03035	0.13627	0.01644	0.99054	-062.3206	028.4428	872.1501	0.84963	0.52690	-0.02235	-0.52351	0.84777	0.08498	0.06373	-0.06050	0.99613	-024.6244	-003.4868	877.1710	0.73232	0.67698	-0.07358	-0.66812	0.73518	0.11455	0.13164	-0.03473	0.99069	004.6409	-040.0970	884.3886	0.58461	0.80772	0.07634	-0.79179	0.54749	0.27079	0.17692	-0.21875	0.95961	026.3777	-084.7780	889.5818	0.38270	0.75356	0.53449	-0.91671	0.23781	0.32109	0.11485	-0.61285	0.78180	039.1259	-129.6586	893.4526	0.22008	0.97179	-0.08485	-0.97050	0.22690	0.08150	0.09846	0.06441	0.99306	042.2327	-177.7288	898.5017	0.03776	0.99492	-0.09333	-0.99383	0.04713	0.10036	0.10425	0.08897	0.99056	
23	106.2162	097.8720	763.0302	0.99327	0.00305	-0.11576	0.00979	0.99386	0.11019	0.11539	-0.11058	0.98715	-201.0377	082.6211	862.8111	-0.03475	0.99939	0.00207	-0.99175	-0.03474	0.12337	0.12337	0.00223	0.99236	-150.9819	064.6950	866.3459	0.98682	0.16180	0.00074	-0.15958	0.97250	0.16966	0.02673	-0.16754	0.98550	-104.7176	050.4644	867.5655	0.93534	0.35222	0.03301	-0.35285	0.93555	0.01547	-0.02543	-0.02612	0.99934	-062.3595	028.1164	870.7470	0.85541	0.51614	0.04331	-0.51464	0.83753	0.18351	0.05844	-0.17927	0.98206	-024.7346	-003.7420	876.0944	0.73416	0.67286	0.09089	-0.64086	0.64250	0.42012	0.22428	-0.36668	0.90291	004.3942	-040.5545	881.9858	0.57260	0.81144	-0.11705	-0.80638	0.58320	0.09819	0.14794	0.03816	0.98826	026.4947	-084.7378	889.7670	0.38070	0.68454	0.62167	-0.91764	0.19677	0.34528	0.11403	-0.70192	0.70307	039.1258	-129.6586	893.4526	0.22008	0.97179	-0.08482	-0.97051	0.22689	0.08138	0.09833	0.06441	0.99307	042.2333	-177.7305	898.4946	0.03783	0.99454	-0.09728	-0.99407	0.04739	0.09790	0.10198	0.09300	0.99043	
24	106.2152	097.8732	763.0238	0.99339	0.00314	-0.11475	0.00988	0.99358	0.11271	0.11437	-0.11309	0.98698	-201.0458	082.6312	862.8861	-0.03635	0.99933	0.00371	-0.99160	-0.03653	0.12411	0.12416	0.00084	0.99226	-150.9819	064.6950	866.3515	0.98684	0.16168	0.00052	-0.15942	0.97252	0.16970	0.02693	-0.16755	0.98550	-104.7417	050.3698	867.0118	0.93143	0.35793	0.06578	-0.35708	0.93375	-0.02459	-0.07022	-0.00058	0.99753	-062.2975	028.8729	873.5915	0.84848	0.52864	0.02490	-0.52922	0.84723	0.04624	0.00335	-0.05241	0.99862	-024.7712	-003.9758	875.5832	0.73334	0.67421	0.08749	-0.61109	0.59727	0.51946	0.29797	-0.43441	0.85000	004.2483	-040.6964	882.6917	0.56944	0.82201	0.00528	-0.81025	0.56019	0.17230	0.13867	-0.10239	0.98503	0 	 0	0	0 	 0	0	0 	 0	0	0 	 0	0	039.1262	-129.6612	893.4613	0.21982	0.97140	-0.08972	-0.97038	0.22718	0.08220	0.10023	0.06900	0.99257	042.2301	-177.7352	898.5632	0.03804	0.99651	-0.07428	-0.99429	0.04516	0.09670	0.09972	0.07018	0.99254	
25	106.2160	097.8741	763.0219	0.99346	0.00296	-0.11418	0.00976	0.99380	0.11076	0.11380	-0.11115	0.98727	-201.1418	082.6613	863.4347	-0.03748	0.99855	0.03876	-0.99071	-0.04220	0.12927	0.13071	-0.03356	0.99085	-150.9777	064.7003	866.3267	0.98675	0.16223	-0.00017	-0.16016	0.97433	0.15822	0.02583	-0.15610	0.98740	-104.7022	050.8846	869.0626	0.93919	0.33827	0.05908	-0.34166	0.90330	0.25947	0.03441	-0.26387	0.96394	-062.3069	028.5908	872.3544	0.84875	0.52879	0.00144	-0.52449	0.84149	0.12963	0.06734	-0.11078	0.99156	-024.8077	-004.2096	875.0720	0.72959	0.68343	-0.02489	-0.57683	0.63451	0.51445	0.36739	-0.36098	0.85716	004.2146	-040.9962	881.1094	0.57875	0.81250	0.06997	-0.80442	0.55468	0.21270	0.13401	-0.17939	0.97461	0 	 0	0	0 	 0	0	0 	 0	0	0 	 0	0	039.1265	-129.6664	893.4775	0.21943	0.97172	-0.08729	-0.97083	0.22634	0.07910	0.09662	0.06739	0.99304	042.2301	-177.7358	898.5267	0.03804	0.99651	-0.07428	-0.99429	0.04516	0.09670	0.09972	0.07018	0.99254	
26	106.2127	097.8741	763.0170	0.99343	0.00318	-0.11443	0.00969	0.99369	0.11174	0.11407	-0.11211	0.98713	-201.0619	082.5976	862.5277	-0.03630	0.99934	-0.00178	-0.98851	-0.03564	0.14686	0.14670	0.00709	0.98916	-150.9801	064.7068	866.3292	0.98670	0.16221	0.01034	-0.16157	0.97193	0.17105	0.01770	-0.17044	0.98521	-104.7005	050.6254	868.7119	0.94120	0.33717	-0.02123	-0.33414	0.93833	0.08884	0.04988	-0.07652	0.99582	-062.3153	028.5237	872.1749	0.84553	0.51985	-0.12178	-0.52391	0.85177	-0.00148	0.10296	0.06505	0.99256	-024.8433	-004.5973	874.6680	0.72681	0.68349	0.06775	-0.53234	0.49824	0.68438	0.43401	-0.53348	0.72597	004.3192	-040.4415	884.1522	0.57013	0.82085	-0.03397	-0.81292	0.56964	0.12118	0.11882	-0.04147	0.99205	026.2678	-084.8165	888.6051	0.38595	0.91939	-0.07599	-0.91354	0.39236	0.10727	0.12844	0.02801	0.99132	039.1267	-129.6657	893.4713	0.21984	0.97041	-0.09985	-0.97011	0.22825	0.08238	0.10273	0.07875	0.99159	042.2318	-177.7361	898.5439	0.03807	0.99699	-0.06756	-0.99427	0.04456	0.09721	0.09993	0.06347	0.99297	
27	106.2108	097.8752	763.0212	0.99341	0.00313	-0.11454	0.00987	0.99357	0.11277	0.11416	-0.11316	0.98700	-201.0717	082.6243	862.7900	-0.03546	0.99903	-0.02607	-0.99105	-0.03179	0.12966	0.12871	0.03044	0.99122	-150.9777	064.7063	866.3383	0.98670	0.16221	0.01030	-0.16157	0.97197	0.17080	0.01770	-0.17019	0.98525	-104.7168	050.2764	867.6733	0.92442	0.33973	0.17329	-0.35679	0.93089	0.07834	-0.13470	-0.13425	0.98175	-062.3153	028.5237	872.1749	0.84553	0.51985	-0.12178	-0.52391	0.85177	-0.00148	0.10296	0.06505	0.99256	-024.8790	-004.9766	874.2767	0.72447	0.68249	0.09674	-0.48136	0.40045	0.77970	0.49340	-0.61143	0.61863	004.2812	-040.7386	882.4209	0.57540	0.81356	-0.08394	-0.80739	0.58140	0.10046	0.13053	0.00997	0.99139	026.2678	-084.8165	888.9813	0.38589	0.91937	-0.07643	-0.91340	0.39239	0.10832	0.12958	0.02801	0.99117	039.1263	-129.6671	893.4598	0.21929	0.96929	-0.11130	-0.97006	0.22881	0.08141	0.10438	0.09012	0.99045	042.2328	-177.7363	898.5613	0.03811	0.99742	-0.06084	-0.99424	0.04395	0.09773	0.10015	0.05677	0.99335	
28	106.2102	097.8713	763.0080	0.99352	0.00329	-0.11361	0.00962	0.99357	0.11283	0.11325	-0.11319	0.98710	-201.1787	082.6360	863.8628	-0.02939	0.99946	0.01469	-0.99783	-0.03020	0.05847	0.05889	-0.01294	0.99818	-150.9770	064.7107	866.3415	0.98665	0.16286	-0.00152	-0.16039	0.97322	0.16466	0.02829	-0.16222	0.98635	-104.8737	049.9732	866.6477	0.88369	0.33408	0.32786	-0.36116	0.93221	0.02355	-0.29776	-0.13922	0.94443	-062.3144	028.4850	872.1074	0.84697	0.52698	-0.07027	-0.52351	0.84972	0.06250	0.09265	-0.01615	0.99557	-024.9146	-005.3947	873.9368	0.72715	0.68039	0.09125	-0.41593	0.33091	0.84705	0.54613	-0.65389	0.52362	004.2445	-040.7756	882.5503	0.57415	0.81867	0.01134	-0.81016	0.56607	0.15230	0.11826	-0.09663	0.98827	026.3443	-084.8165	888.9813	0.38787	0.91852	-0.07666	-0.91256	0.39438	0.10816	0.12958	0.02801	0.99117	039.1263	-129.6671	893.4598	0.21934	0.96928	-0.11131	-0.97005	0.22886	0.08140	0.10438	0.09012	0.99045	042.2361	-177.7364	898.5780	0.03815	0.99781	-0.05412	-0.99422	0.04334	0.09823	0.10036	0.05006	0.99369	
29	106.2094	097.8703	763.0025	0.99347	0.00333	-0.11406	0.00965	0.99354	0.11309	0.11370	-0.11345	0.98702	-201.0454	082.5963	862.5359	-0.03358	0.99899	-0.03003	-0.99212	-0.02968	0.12176	0.12075	0.03388	0.99210	-150.9768	064.7107	866.3415	0.98662	0.16301	-0.00131	-0.16057	0.97317	0.16480	0.02814	-0.16238	0.98633	-104.8037	050.7623	869.2233	0.93853	0.34207	-0.04629	-0.33170	0.93083	0.15341	0.09556	-0.12862	0.98708	-062.3167	028.4721	872.1159	0.84704	0.52744	-0.06586	-0.52383	0.84935	0.06489	0.09016	-0.02047	0.99572	0 	 0	0	0 	 0	0	0 	 0	0	0 	 0	0	004.2305	-040.7951	882.3583	0.57096	0.81923	-0.05359	-0.80801	0.57230	0.13994	0.14531	-0.03661	0.98871	026.3443	-084.8165	888.9813	0.38822	0.91836	-0.07677	-0.91241	0.39474	0.10810	0.12958	0.02808	0.99117	039.1253	-129.6655	893.4552	0.21916	0.96860	-0.11737	-0.97014	0.22914	0.07949	0.10389	0.09644	0.98990	042.2388	-177.7366	898.5948	0.03818	0.99815	-0.04739	-0.99420	0.04272	0.09874	0.10058	0.04335	0.99398	
30	106.2088	097.8681	763.0016	0.99345	0.00332	-0.11422	0.00962	0.99359	0.11262	0.11387	-0.11298	0.98705	-201.0330	082.6077	862.5836	-0.03784	0.99927	0.00487	-0.99055	-0.03815	0.13171	0.13180	0.00016	0.99128	-150.9798	064.7151	866.3522	0.98663	0.16287	-0.00508	-0.15981	0.97324	0.16509	0.03183	-0.16208	0.98626	-104.7044	050.5838	868.5630	0.93299	0.35128	-0.07827	-0.34702	0.93573	0.06306	0.09539	-0.03168	0.99494	-062.3203	028.4682	872.2364	0.84636	0.52799	-0.06994	-0.52278	0.84866	0.08045	0.10183	-0.03152	0.99430	0 	 0	0	0 	 0	0	0 	 0	0	0 	 0	0	004.2236	-040.8093	882.4512	0.57179	0.81988	-0.02929	-0.80951	0.56964	0.14217	0.13325	-0.05758	0.98941	026.3567	-084.8165	888.9813	0.38822	0.91836	-0.07677	-0.91241	0.39474	0.10810	0.12958	0.02808	0.99117	039.1224	-129.6595	893.4505	0.21990	0.97052	-0.09867	-0.97016	0.22816	0.08204	0.10214	0.07768	0.99173	0 	 0	0	0 	 0	0	0 	 0	0	0 	 0	0	
31	106.2139	097.8902	763.0273	0.99338	0.00296	-0.11481	0.00985	0.99379	0.11083	0.11443	-0.11122	0.98719	-201.0911	082.6487	863.0843	-0.03561	0.99936	-0.00158	-0.99192	-0.03515	0.12191	0.12178	0.00591	0.99254	-151.7244	063.4901	865.5368	0.91237	0.17494	0.37012	-0.19390	0.98092	0.01435	-0.36054	-0.08486	0.92887	-106.5016	046.9270	869.2927	0.87270	0.38338	-0.30234	-0.37744	0.92254	0.08033	0.30972	0.04401	0.94981	-066.1832	021.5035	872.4493	0.80295	0.59455	-0.04209	-0.59020	0.80296	0.08321	0.08327	-0.04197	0.99564	-031.3936	-013.5595	877.1315	0.68212	0.73123	0.00446	-0.72803	0.67854	0.09775	0.06845	-0.06992	0.99520	-005.3148	-053.0798	882.4768	0.51565	0.85655	-0.02049	-0.84965	0.51429	0.11665	0.11045	-0.04274	0.99296	014.6317	-098.4717	888.0697	0.35603	0.93215	-0.06579	-0.92742	0.36110	0.09742	0.11457	0.02634	0.99307	026.7074	-143.7991	892.7326	0.20238	0.97550	-0.08627	-0.97470	0.20918	0.07880	0.09491	0.06814	0.99315	029.2165	-192.0371	897.6371	0.02851	0.99711	-0.07041	-0.99766	0.03276	0.06000	0.06213	0.06854	0.99571	
32	106.2141	097.8913	763.0202	0.99342	0.00285	-0.11453	0.00990	0.99382	0.11055	0.11414	-0.11095	0.98725	-201.0910	082.6474	863.0572	-0.03596	0.99933	-0.00682	-0.99166	-0.03484	0.12409	0.12377	0.01123	0.99225	-151.6835	063.4708	866.2915	0.97909	0.20048	-0.03444	-0.19291	0.96881	0.15552	0.06454	-0.14562	0.98723	-106.5016	046.9270	868.9053	0.87270	0.38388	-0.30170	-0.37744	0.92241	0.08186	0.30972	0.04244	0.94988	-066.1791	021.5032	872.4328	0.80275	0.59443	-0.04737	-0.59002	0.80328	0.08131	0.08639	-0.03732	0.99556	-031.3951	-013.5672	877.1010	0.68307	0.72975	0.02950	-0.72648	0.67475	0.13012	0.07505	-0.11031	0.99106	-005.3140	-053.0749	882.5113	0.51581	0.85667	0.00746	-0.84965	0.51044	0.13247	0.10968	-0.07467	0.99116	014.6319	-098.4735	888.0604	0.35527	0.93276	-0.06120	-0.92801	0.35980	0.09663	0.11215	0.02246	0.99344	026.7047	-143.8024	892.7324	0.20229	0.97554	-0.08606	-0.97471	0.20908	0.07893	0.09499	0.06792	0.99316	029.1904	-192.0466	897.1890	0.03385	0.99846	-0.04397	-0.99800	0.03612	0.05195	0.05346	0.04212	0.99768	
33	106.2142	097.8914	763.0257	0.99340	0.00292	-0.11468	0.00984	0.99383	0.11052	0.11430	-0.11092	0.98724	-201.0976	082.6457	863.0605	-0.03506	0.99937	-0.00633	-0.99194	-0.03403	0.12204	0.12175	0.01055	0.99250	-151.5797	063.4414	866.1944	0.97961	0.19848	0.03120	-0.20051	0.97566	0.08878	-0.01282	-0.09322	0.99556	-106.7258	047.1421	869.3814	0.78128	0.34100	-0.52280	-0.35474	0.93174	0.07761	0.51358	0.12483	0.84891	-066.1785	021.5037	872.4483	0.80262	0.59469	-0.04640	-0.59013	0.80298	0.08343	0.08688	-0.03958	0.99543	-031.4061	-013.5815	877.0766	0.68432	0.72724	0.05324	-0.72468	0.67017	0.16033	0.08092	-0.14830	0.98563	-005.3153	-053.0777	882.5061	0.51682	0.85609	0.00168	-0.84954	0.51262	0.12455	0.10577	-0.06579	0.99221	014.6319	-098.4715	888.0604	0.35574	0.93257	-0.06125	-0.92783	0.36028	0.09661	0.11216	0.02246	0.99344	026.7023	-143.8047	892.7398	0.20263	0.97588	-0.08118	-0.97466	0.20901	0.07967	0.09472	0.06298	0.99351	029.1603	-192.0222	896.9659	0.03773	0.99914	-0.01739	-0.99829	0.03846	0.04406	0.04469	0.01570	0.99888	
34	106.2140	097.8913	763.0174	0.99347	0.00283	-0.11409	0.00980	0.99388	0.11001	0.11370	-0.11041	0.98736	-201.0977	082.6479	863.1085	-0.03562	0.99936	0.00258	-0.99168	-0.03566	0.12373	0.12374	0.00185	0.99231	-151.5682	063.4588	866.3879	0.98019	0.19686	-0.02162	-0.19281	0.97353	0.12277	0.04521	-0.11617	0.99220	-106.5664	046.9191	868.9143	0.91304	0.40292	0.06337	-0.40738	0.89320	0.19036	0.02010	-0.19962	0.97967	-066.1791	021.5040	872.4641	0.80213	0.59513	-0.04904	-0.59018	0.80261	0.08667	0.09094	-0.04057	0.99503	-031.6513	-014.0015	876.5736	0.75805	0.39152	0.52161	-0.62147	0.19103	0.75979	0.19783	-0.90012	0.38813	-005.3141	-053.0768	882.4798	0.51721	0.85577	0.01181	-0.84982	0.51188	0.12561	0.10145	-0.07500	0.99201	014.6319	-098.4727	888.0653	0.35499	0.93297	-0.05947	-0.92814	0.35934	0.09712	0.11198	0.02072	0.99349	026.6939	-143.8065	892.7623	0.20215	0.97632	-0.07703	-0.97524	0.20788	0.07547	0.08970	0.05986	0.99417	029.1265	-191.9971	896.7445	0.04137	0.99910	0.00923	-0.99850	0.04101	0.03621	0.03580	-0.01071	0.99930	
35	106.2137	097.8906	763.0124	0.99353	0.00304	-0.11350	0.00974	0.99367	0.11190	0.11312	-0.11228	0.98722	-201.1014	082.6489	863.1123	-0.03479	0.99939	0.00077	-0.99224	-0.03463	0.11941	0.11936	0.00339	0.99285	-151.5682	063.4505	866.3879	0.98020	0.19679	-0.02195	-0.19279	0.97374	0.12110	0.04520	-0.11447	0.99240	-106.5295	046.8680	868.7356	0.91141	0.41150	0.00271	-0.40890	0.90488	0.11825	0.04621	-0.10888	0.99298	-066.1784	021.5043	872.4556	0.80230	0.59498	-0.04806	-0.59003	0.80267	0.08711	0.09041	-0.04153	0.99504	-031.8118	-014.2254	876.5280	0.79695	0.16666	0.58060	-0.57153	-0.10303	0.81408	0.19549	-0.98062	0.01314	-005.3123	-053.0772	882.5171	0.51718	0.85561	0.02127	-0.84972	0.51032	0.13248	0.10250	-0.08659	0.99096	014.6320	-098.4749	888.0702	0.35458	0.93324	-0.05773	-0.92832	0.35875	0.09761	0.11180	0.01898	0.99355	026.6892	-143.8041	892.7797	0.20291	0.97696	-0.06624	-0.97534	0.20764	0.07481	0.08684	0.04942	0.99500	029.0888	-191.9711	896.5251	0.04478	0.99835	0.03587	-0.99864	0.04377	0.02842	0.02680	-0.03709	0.99895	
36	106.2136	097.8902	763.0040	0.99345	0.00302	-0.11424	0.00974	0.99377	0.11102	0.11387	-0.11140	0.98723	-201.1010	082.6533	863.1093	-0.03556	0.99937	-0.00052	-0.99198	-0.03523	0.12143	0.12133	0.00484	0.99260	-151.5710	063.4515	866.4397	0.98039	0.19629	0.01753	-0.19658	0.96779	0.15731	0.01391	-0.15767	0.98739	-106.5295	046.8680	868.7356	0.91132	0.41170	0.00273	-0.40910	0.90479	0.11827	0.04622	-0.10890	0.99298	-066.1777	021.5048	872.4769	0.80354	0.59440	-0.03187	-0.58985	0.80231	0.09150	0.07996	-0.05473	0.99529	-031.5937	-013.6289	877.3529	0.67655	0.72995	-0.09723	-0.73361	0.67956	-0.00292	0.06394	0.07330	0.99526	-005.3119	-053.0769	882.5265	0.51702	0.85593	0.00793	-0.84978	0.51215	0.12484	0.10279	-0.07128	0.99215	014.6350	-098.4753	888.0984	0.35490	0.93385	-0.04441	-0.92837	0.35763	0.10113	0.11032	0.00534	0.99388	026.6859	-143.8047	892.7888	0.20318	0.97647	-0.07229	-0.97515	0.20846	0.07496	0.08827	0.05526	0.99456	0 	 0	0	0 	 0	0	0 	 0	0	0 	 0	0	
37	106.2134	097.8897	763.0005	0.99356	0.00297	-0.11326	0.00965	0.99380	0.11073	0.11289	-0.11111	0.98738	-201.1030	082.6554	863.0997	-0.03548	0.99937	-0.00130	-0.99192	-0.03505	0.12189	0.12177	0.00561	0.99254	-151.5743	063.4515	866.4371	0.98015	0.19823	0.00267	-0.19663	0.97030	0.14088	0.02533	-0.13861	0.99002	-106.5226	046.8682	868.6736	0.90998	0.41417	-0.02005	-0.41100	0.90731	0.08869	0.05492	-0.07246	0.99586	-066.1784	021.5050	872.4792	0.80271	0.59526	-0.03636	-0.59049	0.80185	0.09136	0.08354	-0.05186	0.99515	-031.4425	-013.5755	876.9955	0.69631	0.71507	0.06187	-0.71672	0.68813	0.11314	0.03833	-0.12312	0.99165	-005.3119	-053.0769	882.5265	0.51702	0.85593	0.00812	-0.84978	0.51212	0.12495	0.10279	-0.07150	0.99213	014.6377	-098.4750	888.1149	0.35525	0.93413	-0.03458	-0.92854	0.35690	0.10216	0.10777	-0.00418	0.99417	026.6826	-143.8040	892.7938	0.20279	0.97606	-0.07863	-0.97472	0.20890	0.07927	0.09380	0.06057	0.99375	0 	 0	0	0 	 0	0	0 	 0	0	0 	 0	0	
38	106.2135	097.8894	762.9977	0.99356	0.00297	-0.11330	0.00961	0.99386	0.11024	0.11294	-0.11062	0.98743	-201.1030	082.6544	863.0997	-0.03548	0.99937	-0.00130	-0.99194	-0.03505	0.12179	0.12167	0.00561	0.99255	-151.5743	063.4515	866.4371	0.98011	0.19841	0.00278	-0.19681	0.97021	0.14127	0.02534	-0.13901	0.98997	-106.5069	046.8470	868.7173	0.91180	0.41033	0.01590	-0.40851	0.90246	0.13672	0.04175	-0.13115	0.99048	-066.1783	021.5056	872.4862	0.80281	0.59453	-0.04508	-0.58947	0.80278	0.08988	0.08962	-0.04558	0.99493	-031.4425	-013.5755	876.9955	0.69631	0.71507	0.06187	-0.71672	0.68813	0.11314	0.03833	-0.12312	0.99165	-005.3115	-053.0765	882.5358	0.51704	0.85590	0.00986	-0.84986	0.51195	0.12504	0.10198	-0.07303	0.99210	014.6400	-098.4689	888.1034	0.35453	0.93333	-0.05656	-0.92820	0.35860	0.09928	0.11294	0.01730	0.99345	026.6827	-143.8040	892.7938	0.20279	0.97606	-0.07863	-0.97472	0.20890	0.07927	0.09380	0.06057	0.99375	0 	 0	0	0 	 0	0	0 	 0	0	0 	 0	0	
