"#"	"COOLCARD X"	"COOLCARD Y"	"COOLCARD Z"	"COOLCARD R11"	"COOLCARD R12"	"COOLCARD R13"	"COOLCARD R21"	"COOLCARD R22"	"COOLCARD R23"	"COOLCARD R31"	"COOLCARD R32"	"COOLCARD R33"	"Reference X"	"Reference Y"	"Reference Z"	"Reference R11"	"Reference R12"	"Reference R13"	"Reference R21"	"Reference R22"	"Reference R23"	"Reference R31"	"Reference R32"	"Reference R33"	"TR_1 X"	"TR_1 Y"	"TR_1 Z"	"TR_1 R11"	"TR_1 R12"	"TR_1 R13"	"TR_1 R21"	"TR_1 R22"	"TR_1 R23"	"TR_1 R31"	"TR_1 R32"	"TR_1 R33"	"TR_2 X"	"TR_2 Y"	"TR_2 Z"	"TR_2 R11"	"TR_2 R12"	"TR_2 R13"	"TR_2 R21"	"TR_2 R22"	"TR_2 R23"	"TR_2 R31"	"TR_2 R32"	"TR_2 R33"	"TR_3 X"	"TR_3 Y"	"TR_3 Z"	"TR_3 R11"	"TR_3 R12"	"TR_3 R13"	"TR_3 R21"	"TR_3 R22"	"TR_3 R23"	"TR_3 R31"	"TR_3 R32"	"TR_3 R33"	"TR_4 X"	"TR_4 Y"	"TR_4 Z"	"TR_4 R11"	"TR_4 R12"	"TR_4 R13"	"TR_4 R21"	"TR_4 R22"	"TR_4 R23"	"TR_4 R31"	"TR_4 R32"	"TR_4 R33"	"TR_5 X"	"TR_5 Y"	"TR_5 Z"	"TR_5 R11"	"TR_5 R12"	"TR_5 R13"	"TR_5 R21"	"TR_5 R22"	"TR_5 R23"	"TR_5 R31"	"TR_5 R32"	"TR_5 R33"	"TR_6 X"	"TR_6 Y"	"TR_6 Z"	"TR_6 R11"	"TR_6 R12"	"TR_6 R13"	"TR_6 R21"	"TR_6 R22"	"TR_6 R23"	"TR_6 R31"	"TR_6 R32"	"TR_6 R33"	"TR_7 X"	"TR_7 Y"	"TR_7 Z"	"TR_7 R11"	"TR_7 R12"	"TR_7 R13"	"TR_7 R21"	"TR_7 R22"	"TR_7 R23"	"TR_7 R31"	"TR_7 R32"	"TR_7 R33"	"TR_8 X"	"TR_8 Y"	"TR_8 Z"	"TR_8 R11"	"TR_8 R12"	"TR_8 R13"	"TR_8 R21"	"TR_8 R22"	"TR_8 R23"	"TR_8 R31"	"TR_8 R32"	"TR_8 R33"	
1	-025.1922	132.7627	870.4329	0.94342	0.00505	-0.33156	0.02972	0.99457	0.09973	0.33026	-0.10394	0.93815	-193.8139	080.5127	902.4652	-0.03311	0.99667	0.07447	-0.99257	-0.04152	0.11434	0.11705	-0.07013	0.99065	-143.6178	062.3893	901.7523	0.98555	0.16736	0.02591	-0.16932	0.97064	0.17083	0.00344	-0.17275	0.98496	-097.4048	047.9218	900.9746	0.93630	0.34719	0.05288	-0.34983	0.93529	0.05339	-0.03092	-0.06849	0.99717	-055.1254	025.4444	901.7405	0.84771	0.52903	0.03891	-0.52970	0.84029	0.11551	0.02842	-0.11853	0.99254	-017.5554	-006.9962	904.1144	0.73518	0.66203	0.14570	-0.67786	0.71717	0.16177	0.00261	-0.21770	0.97601	011.1477	-044.5956	907.6117	0.56838	0.82240	0.02466	-0.81535	0.55899	0.15078	0.11022	-0.10581	0.98826	032.7126	-088.9929	912.0570	0.38315	0.91917	0.09129	-0.91238	0.36118	0.19263	0.14409	-0.15710	0.97702	045.2881	-133.9188	916.4848	0.21004	0.97635	-0.05130	-0.97267	0.21398	0.09016	0.09901	0.03096	0.99460	046.8366	-182.1815	922.8175	0.01557	0.92484	0.38003	-0.99706	-0.01416	0.07532	0.07504	-0.38009	0.92190	
2	-025.1918	132.7621	870.4237	0.94359	0.00539	-0.33107	0.02969	0.99446	0.10079	0.32978	-0.10494	0.93821	-193.8152	080.5115	902.4831	-0.03253	0.99655	0.07634	-0.99322	-0.04076	0.10888	0.11161	-0.07228	0.99112	-143.6207	062.3848	901.5205	0.97881	0.15269	0.13642	-0.17340	0.97246	0.15575	-0.10888	-0.17610	0.97833	-097.4048	047.9218	900.9746	0.93630	0.34719	0.05288	-0.34983	0.93529	0.05339	-0.03092	-0.06849	0.99717	-055.1235	025.4467	901.7489	0.84768	0.53010	0.02092	-0.52889	0.84135	0.11136	0.04143	-0.10547	0.99356	-017.5578	-006.9883	904.1229	0.73541	0.66619	0.12394	-0.67758	0.72096	0.14525	0.00741	-0.19080	0.98160	011.1464	-044.5951	907.6032	0.56826	0.82237	0.02826	-0.81587	0.55864	0.14925	0.10695	-0.10787	0.98840	032.3875	-089.1803	911.6448	0.49696	0.13752	0.85681	-0.82414	-0.23436	0.51562	0.27171	-0.96237	-0.00313	045.2881	-133.9188	916.4848	0.21004	0.97635	-0.05133	-0.97267	0.21399	0.09016	0.09901	0.03099	0.99460	046.8366	-182.1815	922.8175	0.01656	0.92486	0.37996	-0.99704	-0.01324	0.07569	0.07504	-0.38009	0.92190	
3	-025.1904	132.7628	870.4175	0.94375	0.00544	-0.33061	0.02957	0.99447	0.10077	0.32933	-0.10488	0.93837	-193.8154	080.5115	902.4831	-0.03255	0.99654	0.07648	-0.99272	-0.04111	0.11320	0.11595	-0.07224	0.99062	-143.6256	062.3899	901.6077	0.98012	0.15324	0.12604	-0.17298	0.97109	0.16448	-0.09719	-0.18301	0.97829	-097.3678	047.8754	900.4161	0.93116	0.35576	-0.07984	-0.36281	0.92583	-0.10587	0.03625	0.12755	0.99117	-055.1235	025.4448	901.7397	0.84760	0.52979	0.02990	-0.52965	0.84127	0.10831	0.03222	-0.10764	0.99367	-017.5588	-006.9883	904.1177	0.73527	0.66634	0.12396	-0.67774	0.72082	0.14524	0.00742	-0.19080	0.98160	011.1456	-044.5945	907.6122	0.56844	0.82219	0.02956	-0.81576	0.55860	0.14997	0.10679	-0.10936	0.98825	032.7930	-088.9096	912.0393	0.39170	0.87801	-0.27509	-0.91493	0.40333	-0.01546	0.09738	0.25774	0.96129	045.2869	-133.9191	916.5021	0.20987	0.97565	-0.06370	-0.97226	0.21513	0.09184	0.10331	0.04266	0.99373	046.9554	-182.1975	923.1002	0.00583	0.82705	0.56210	-0.99820	-0.02876	0.05266	0.05972	-0.56139	0.82539	
4	-025.1906	132.7640	870.4263	0.94330	0.00539	-0.33189	0.02974	0.99447	0.10069	0.33060	-0.10485	0.93793	-193.8183	080.5156	902.5128	-0.03317	0.99639	0.07819	-0.99247	-0.04207	0.11507	0.11794	-0.07378	0.99028	-143.6264	062.3910	901.6490	0.98023	0.15085	0.12807	-0.17161	0.97027	0.17064	-0.09852	-0.18924	0.97698	-097.3931	047.9579	901.1276	0.93491	0.34379	0.08810	-0.35079	0.93281	0.08251	-0.05381	-0.10804	0.99269	-055.1236	025.4447	901.7750	0.84733	0.52984	0.03604	-0.53011	0.83979	0.11722	0.03185	-0.11843	0.99245	-017.5588	-006.9883	904.1177	0.73527	0.66635	0.12396	-0.67774	0.72082	0.14524	0.00743	-0.19080	0.98160	011.1456	-044.5941	907.6295	0.56842	0.82235	0.02524	-0.81553	0.55911	0.14935	0.10871	-0.10548	0.98846	032.7930	-088.9096	912.0393	0.39189	0.87792	-0.27509	-0.91484	0.40351	-0.01551	0.09738	0.25774	0.96129	045.2845	-133.9193	916.5191	0.20963	0.97482	-0.07603	-0.97184	0.21628	0.09352	0.10761	0.05429	0.99271	047.1229	-182.2208	923.3493	-0.01055	0.69411	0.71979	-0.99883	-0.04122	0.02510	0.04709	-0.71869	0.69373	
5	-025.1906	132.7632	870.4144	0.94316	0.00495	-0.33229	0.02985	0.99458	0.09955	0.33099	-0.10381	0.93791	-193.7877	080.5111	901.8619	-0.03073	0.99953	0.00227	-0.99705	-0.03081	0.07024	0.07028	-0.00010	0.99753	-143.6279	062.3915	901.6677	0.98257	0.15510	0.10251	-0.17021	0.97227	0.16039	-0.07479	-0.17504	0.98172	-097.3801	047.9579	901.1276	0.93495	0.34386	0.08738	-0.35068	0.93302	0.08059	-0.05381	-0.10599	0.99291	-055.1233	025.4433	901.8001	0.84723	0.52978	0.03920	-0.53025	0.83889	0.12284	0.03219	-0.12485	0.99165	-017.5588	-006.9883	904.1177	0.73409	0.66761	0.12411	-0.67901	0.71964	0.14515	0.00759	-0.19082	0.98159	011.1450	-044.5927	907.6329	0.56849	0.82231	0.02491	-0.81552	0.55929	0.14876	0.10840	-0.10489	0.98856	032.8315	-088.9293	912.4070	0.38350	0.92331	0.02047	-0.91735	0.37828	0.12397	0.10672	-0.06632	0.99208	045.2843	-133.9185	916.5229	0.20947	0.97486	-0.07596	-0.97220	0.21595	0.09052	0.10465	0.05488	0.99299	047.3318	-182.2521	923.5543	-0.02737	0.52910	0.84812	-0.99891	-0.04649	-0.00323	0.03771	-0.84728	0.52980	
6	-025.1897	132.7641	870.4195	0.94333	0.00491	-0.33183	0.02974	0.99462	0.09926	0.33053	-0.10350	0.93810	-193.7497	080.5230	901.7246	-0.03612	0.99862	0.03802	-0.99140	-0.04059	0.12442	0.12579	-0.03320	0.99150	-143.6301	062.3978	901.7048	0.98179	0.15381	0.11149	-0.17067	0.97189	0.16216	-0.08342	-0.17823	0.98045	-097.3817	047.9774	901.2159	0.93422	0.34174	0.10223	-0.35091	0.93192	0.09152	-0.06400	-0.12137	0.99054	-055.1216	025.4422	901.8073	0.84728	0.53037	0.02866	-0.52986	0.84024	0.11513	0.03698	-0.11273	0.99294	-017.5588	-006.9883	904.1177	0.73409	0.66761	0.12414	-0.67901	0.71964	0.14512	0.00755	-0.19082	0.98160	011.1454	-044.5917	907.6199	0.56852	0.82231	0.02423	-0.81553	0.55946	0.14806	0.10820	-0.10393	0.98868	032.8315	-088.9370	912.4070	0.38350	0.92331	0.02047	-0.91735	0.37828	0.12397	0.10672	-0.06632	0.99208	045.2827	-133.9138	916.5194	0.20916	0.97524	-0.07186	-0.97238	0.21520	0.09041	0.10363	0.05097	0.99331	046.8724	-182.2465	922.6914	0.01772	0.94543	-0.32534	-0.99309	0.05438	0.10395	0.11597	0.32125	0.93987	
7	-025.1891	132.7650	870.4256	0.94336	0.00514	-0.33174	0.02974	0.99455	0.09996	0.33045	-0.10417	0.93806	-193.8675	080.5257	903.0096	-0.03871	0.99560	0.08531	-0.99282	-0.04799	0.10960	0.11321	-0.08046	0.99031	-143.6301	062.3978	901.7048	0.98183	0.15374	0.11128	-0.17058	0.97188	0.16235	-0.08320	-0.17838	0.98044	-097.3878	047.9348	901.1043	0.93732	0.34532	0.04685	-0.34828	0.93282	0.09246	-0.01177	-0.10298	0.99461	-055.1233	025.4427	901.8243	0.84732	0.52959	0.03970	-0.53017	0.83915	0.12146	0.03101	-0.12396	0.99180	-017.5588	-006.9883	904.1177	0.73407	0.66757	0.12445	-0.67903	0.71967	0.14489	0.00716	-0.19086	0.98159	011.1457	-044.5907	907.6141	0.56887	0.82226	0.01689	-0.81515	0.56099	0.14427	0.10915	-0.09584	0.98939	032.5327	-089.1468	910.3854	0.39089	0.90701	0.15666	-0.90848	0.35284	0.22399	0.14788	-0.22988	0.96192	045.2815	-133.9136	916.5324	0.20901	0.97477	-0.07831	-0.97220	0.21577	0.09098	0.10558	0.05712	0.99277	047.0234	-182.2465	922.6914	0.01772	0.94543	-0.32534	-0.99309	0.05438	0.10395	0.11597	0.32125	0.93987	
8	-025.1876	132.7656	870.4293	0.94354	0.00533	-0.33122	0.02955	0.99453	0.10018	0.32994	-0.10431	0.93822	-193.8561	080.5284	902.7832	-0.03397	0.99318	0.11156	-0.99116	-0.04780	0.12373	0.12822	-0.10637	0.98602	-143.6315	062.3988	901.7448	0.98172	0.15325	0.11287	-0.17076	0.97110	0.16672	-0.08405	-0.18295	0.97952	-097.3888	047.9206	901.0735	0.93778	0.33853	0.07727	-0.34503	0.93352	0.09749	-0.03913	-0.11809	0.99223	-055.1223	025.4426	901.8317	0.84745	0.52951	0.03793	-0.52993	0.83953	0.11989	0.03164	-0.12170	0.99206	0 	 0	0	0 	 0	0	0 	 0	0	0 	 0	0	011.1451	-044.5898	907.5941	0.56879	0.82246	0.00619	-0.81436	0.56211	0.14438	0.11527	-0.08717	0.98950	032.2202	-089.3331	909.5042	0.39648	0.88532	0.24290	-0.90290	0.32819	0.27761	0.16606	-0.32938	0.92948	045.2814	-133.9136	916.5324	0.20901	0.97477	-0.07831	-0.97220	0.21577	0.09098	0.10558	0.05712	0.99277	047.0331	-182.2535	922.6829	0.01565	0.91412	-0.40514	-0.99271	0.06263	0.10295	0.11948	0.40058	0.90844	
9	-025.1881	132.7673	870.4438	0.94363	0.00625	-0.33095	0.02970	0.99419	0.10346	0.32967	-0.10746	0.93796	-193.8561	080.5284	902.7832	-0.03360	0.99319	0.11152	-0.99118	-0.04742	0.12377	0.12822	-0.10637	0.98602	-143.6283	062.3978	901.7563	0.98143	0.15307	0.11557	-0.17102	0.97118	0.16600	-0.08683	-0.18268	0.97933	-097.3888	047.9206	901.0614	0.93779	0.33845	0.07743	-0.34502	0.93339	0.09870	-0.03887	-0.11928	0.99210	-055.1223	025.4427	901.8317	0.84745	0.52953	0.03779	-0.52992	0.83955	0.11977	0.03169	-0.12152	0.99208	0 	 0	0	0 	 0	0	0 	 0	0	0 	 0	0	011.1439	-044.5888	907.6041	0.56873	0.82242	0.01286	-0.81462	0.56103	0.14709	0.11375	-0.09413	0.98904	032.5776	-089.1019	911.0936	0.36685	0.93006	-0.02010	-0.92802	0.36738	0.06169	0.06476	-0.00397	0.99789	045.2844	-133.9143	916.5567	0.20928	0.97530	-0.07061	-0.97228	0.21524	0.09135	0.10429	0.04954	0.99331	047.1404	-182.2605	922.6757	0.01028	0.91993	-0.39196	-0.99246	0.05725	0.10835	0.12212	0.38789	0.91358	
10	-025.1883	132.7626	870.4326	0.94376	0.00656	-0.33055	0.02954	0.99413	0.10409	0.32930	-0.10800	0.93803	-193.8506	080.5296	902.8188	-0.03169	0.99033	0.13507	-0.99019	-0.04951	0.13068	0.13611	-0.12960	0.98218	-143.6306	062.3978	901.7563	0.98145	0.15309	0.11542	-0.17102	0.97117	0.16606	-0.08667	-0.18272	0.97934	-097.3897	047.9120	901.0475	0.93788	0.34073	0.06550	-0.34543	0.93469	0.08388	-0.03265	-0.10129	0.99432	-055.1266	025.4420	901.8365	0.84739	0.52980	0.03521	-0.52978	0.83920	0.12283	0.03553	-0.12274	0.99180	0 	 0	0	0 	 0	0	0 	 0	0	0 	 0	0	011.1441	-044.5930	907.5994	0.56832	0.82279	0.00563	-0.81499	0.56197	0.14135	0.11314	-0.08493	0.98994	032.5360	-089.1214	911.4464	0.36057	0.92623	-0.10989	-0.93250	0.36062	-0.02013	0.02098	0.10973	0.99374	045.2844	-133.9140	916.5567	0.20928	0.97530	-0.07061	-0.97228	0.21524	0.09135	0.10429	0.04954	0.99331	047.1474	-182.2674	922.6699	0.00783	0.82983	-0.55796	-0.99210	0.07633	0.09960	0.12524	0.55277	0.82387	
11	-025.2303	132.8769	870.3291	0.94271	0.00359	-0.33358	0.02963	0.99509	0.09446	0.33228	-0.09893	0.93798	-193.8525	080.6697	902.5373	-0.02985	0.98837	0.14912	-0.98933	-0.05050	0.13667	0.14261	-0.14345	0.97933	-143.6863	062.4453	901.9958	0.98345	0.15599	0.09212	-0.16957	0.97161	0.16497	-0.06377	-0.17786	0.98199	-097.4357	047.8849	901.2379	0.93743	0.34644	0.03464	-0.34788	0.93607	0.05253	-0.01423	-0.06129	0.99802	-055.2546	024.8412	900.3736	0.84081	0.52965	0.11185	-0.54066	0.81136	0.22223	0.02696	-0.24733	0.96856	-017.6634	-007.1778	904.8448	0.73296	0.67864	0.04708	-0.67875	0.72497	0.11712	0.04535	-0.11780	0.99200	010.8093	-044.9683	908.8700	0.56604	0.82273	0.05222	-0.81941	0.55454	0.14509	0.09041	-0.12492	0.98804	032.1612	-089.5419	912.5648	0.38802	0.88467	0.25845	-0.90568	0.31401	0.28486	0.17085	-0.34460	0.92307	044.5919	-134.3914	918.3374	0.20363	0.97554	-0.08279	-0.97400	0.21043	0.08391	0.09928	0.06355	0.99303	045.8581	-182.5726	924.3036	-0.02903	0.79134	0.61069	-0.99776	0.01390	-0.06544	-0.06027	-0.61122	0.78916	
12	-025.2335	132.8805	870.3461	0.94263	0.00420	-0.33381	0.02968	0.99491	0.09634	0.33252	-0.10072	0.93770	-193.8708	080.6759	902.5610	-0.03464	0.99797	0.05349	-0.99537	-0.03925	0.08778	0.08971	-0.05021	0.99470	-143.6864	062.4453	901.9958	0.98345	0.15600	0.09212	-0.16957	0.97161	0.16496	-0.06377	-0.17785	0.98199	-097.4364	047.8897	901.2246	0.93721	0.34726	0.03226	-0.34828	0.93675	0.03477	-0.01815	-0.04382	0.99887	-055.2669	024.8278	900.2293	0.84140	0.53155	0.09752	-0.53957	0.83640	0.09643	-0.03031	-0.13375	0.99055	-017.6637	-007.1776	904.8482	0.73351	0.67805	0.04703	-0.67820	0.72561	0.11635	0.04477	-0.11724	0.99209	010.8103	-044.9570	908.7845	0.56568	0.82365	0.04005	-0.81846	0.55487	0.14910	0.10058	-0.11712	0.98801	031.9315	-089.7215	911.0625	0.39457	0.86804	0.30135	-0.89395	0.28678	0.34441	0.21254	-0.40529	0.88914	044.5913	-134.3914	918.3374	0.20362	0.97554	-0.08280	-0.97400	0.21043	0.08398	0.09935	0.06355	0.99302	045.8411	-182.5556	924.2050	-0.05339	0.69899	0.71313	-0.99450	0.02721	-0.10114	-0.09010	-0.71461	0.69369	
13	-025.2340	132.8820	870.3429	0.94263	0.00312	-0.33384	0.02971	0.99521	0.09319	0.33253	-0.09776	0.93801	-193.8708	080.6759	902.5610	-0.03427	0.99793	0.05447	-0.99501	-0.03918	0.09181	0.09376	-0.05105	0.99429	-143.6876	062.4457	901.9977	0.98383	0.15770	0.08489	-0.16971	0.97234	0.16047	-0.05724	-0.17229	0.98338	-097.4375	047.8918	901.2325	0.93715	0.34699	0.03665	-0.34846	0.93614	0.04705	-0.01798	-0.05687	0.99822	-055.2764	025.8041	904.3102	0.84122	0.53580	-0.07259	-0.53045	0.84382	0.08115	0.10474	-0.02976	0.99405	0 	 0	0	0 	 0	0	0 	 0	0	0 	 0	0	010.8113	-044.9538	908.7403	0.56594	0.82283	0.05169	-0.81848	0.55321	0.15505	0.09898	-0.13006	0.98655	032.0201	-089.5343	914.4225	0.37693	0.89076	-0.25392	-0.91833	0.39515	0.02301	0.12083	0.22450	0.96695	044.5885	-134.3943	918.3572	0.20354	0.97610	-0.07610	-0.97402	0.20976	0.08530	0.09923	0.05676	0.99344	045.8142	-182.5974	924.7524	0.02156	0.99969	0.01269	-0.99409	0.02008	0.10665	0.10636	-0.01492	0.99422	
14	-025.2341	132.8844	870.3625	0.94275	0.00400	-0.33348	0.02964	0.99497	0.09573	0.33219	-0.10013	0.93788	-193.8667	080.6780	902.3188	-0.03412	0.99636	0.07808	-0.98983	-0.04448	0.13512	0.13811	-0.07268	0.98775	-143.6876	062.4457	901.9977	0.98382	0.15769	0.08500	-0.16971	0.97233	0.16055	-0.05733	-0.17237	0.98336	-097.4379	047.8930	901.2174	0.93694	0.34792	0.03305	-0.34891	0.93663	0.03129	-0.02007	-0.04085	0.99896	-055.2566	025.2875	902.7773	0.84330	0.53707	-0.01998	-0.53202	0.83949	0.11048	0.07611	-0.08254	0.99368	0 	 0	0	0 	 0	0	0 	 0	0	0 	 0	0	010.8099	-044.9546	908.7417	0.56587	0.82356	0.03932	-0.81865	0.55555	0.14551	0.09799	-0.11453	0.98857	032.2073	-089.4629	913.5614	0.37726	0.92603	-0.01228	-0.92543	0.37745	0.03325	0.03543	-0.00118	0.99937	044.5888	-134.3943	918.3572	0.20354	0.97610	-0.07610	-0.97402	0.20976	0.08530	0.09923	0.05676	0.99344	045.8352	-182.6427	924.1527	0.01516	0.99926	-0.03543	-0.99471	0.01867	0.10101	0.10160	0.03371	0.99425	
15	-025.2334	132.8848	870.3546	0.94278	0.00347	-0.33339	0.02960	0.99513	0.09406	0.33209	-0.09855	0.93808	-193.8527	080.6476	902.2797	-0.03248	0.99680	0.07301	-0.99276	-0.04063	0.11306	0.11566	-0.06881	0.99090	-143.6888	062.4454	902.0041	0.98387	0.15686	0.08602	-0.16932	0.97171	0.16468	-0.05775	-0.17659	0.98259	-097.4380	047.8930	901.2246	0.93693	0.34791	0.03331	-0.34892	0.93663	0.03146	-0.02025	-0.04110	0.99895	-055.2472	025.2561	902.2292	0.84078	0.52414	0.13551	-0.54136	0.81575	0.20368	-0.00378	-0.24461	0.96961	0 	 0	0	0 	 0	0	0 	 0	0	0 	 0	0	010.8086	-044.9540	908.7473	0.56582	0.82364	0.03818	-0.81819	0.55514	0.14964	0.10205	-0.11591	0.98800	032.2487	-089.4369	913.7808	0.37895	0.92540	0.00508	-0.91783	0.37513	0.12987	0.11828	-0.05387	0.99152	044.5851	-134.3977	918.3015	0.20434	0.97591	-0.07647	-0.97439	0.21027	0.07971	0.09387	0.05822	0.99388	045.8352	-182.6427	924.1527	0.01516	0.99926	-0.03543	-0.99471	0.01867	0.10102	0.10160	0.03371	0.99425	
16	-025.2324	132.8838	870.3433	0.94270	0.00353	-0.33363	0.02957	0.99513	0.09408	0.33234	-0.09855	0.93800	-193.8527	080.6476	902.2961	-0.03246	0.99674	0.07386	-0.99276	-0.04070	0.11302	0.11566	-0.06966	0.99084	-143.6904	062.4455	902.0030	0.98281	0.15456	0.10097	-0.17047	0.96972	0.17490	-0.07087	-0.18910	0.97940	-097.4375	047.8922	901.2162	0.93670	0.34801	0.03854	-0.34946	0.93604	0.04120	-0.02174	-0.05206	0.99841	-055.2373	025.2450	902.0833	0.84375	0.53309	0.06249	-0.53673	0.83834	0.09541	-0.00153	-0.11404	0.99348	0 	 0	0	0 	 0	0	0 	 0	0	0 	 0	0	010.8027	-044.9536	908.7257	0.56567	0.82386	0.03581	-0.81836	0.55549	0.14736	0.10151	-0.11266	0.98844	032.2679	-089.4263	913.8370	0.38235	0.92263	0.05054	-0.91752	0.37262	0.13900	0.10941	-0.09952	0.98900	044.5846	-134.4024	918.3256	0.20464	0.97719	-0.05683	-0.97457	0.20882	0.08130	0.09131	0.03875	0.99507	045.8128	-182.6770	924.3711	0.02059	0.99913	0.03630	-0.99762	0.01814	0.06658	0.06586	-0.03758	0.99712	
17	-025.2313	132.8841	870.3569	0.94263	0.00310	-0.33384	0.02955	0.99526	0.09268	0.33254	-0.09723	0.93806	-193.8465	080.6302	902.3050	-0.03163	0.99706	0.06973	-0.99433	-0.03847	0.09915	0.10155	-0.06620	0.99263	-143.6904	062.4456	902.0059	0.98284	0.15439	0.10093	-0.17030	0.96974	0.17493	-0.07086	-0.18911	0.97939	-097.4549	047.6816	900.5149	0.93030	0.36632	0.01892	-0.36140	0.92418	-0.12357	-0.06275	0.10812	0.99216	-055.2551	025.1584	902.0438	0.84842	0.51982	0.09989	-0.52694	0.81150	0.25258	0.05023	-0.26693	0.96241	0 	 0	0	0 	 0	0	0 	 0	0	0 	 0	0	010.8005	-044.9522	908.6990	0.56514	0.82454	0.02727	-0.81807	0.55582	0.14769	0.10662	-0.10577	0.98866	032.2754	-089.4190	913.8307	0.38192	0.92113	0.07524	-0.91845	0.36921	0.14189	0.10291	-0.12329	0.98702	044.5836	-134.4051	918.3359	0.20451	0.97743	-0.05287	-0.97435	0.20846	0.08481	0.09391	0.03417	0.99499	045.8128	-182.6770	924.3711	0.02059	0.99913	0.03630	-0.99762	0.01814	0.06658	0.06586	-0.03758	0.99712	
18	-025.2298	132.8847	870.3713	0.94304	0.00402	-0.33266	0.02952	0.99497	0.09570	0.33137	-0.10007	0.93818	-193.8403	080.6126	902.3128	-0.03073	0.99737	0.06563	-0.99570	-0.03629	0.08526	0.08742	-0.06272	0.99420	-143.6909	062.4458	902.0034	0.98222	0.15317	0.10853	-0.17088	0.96887	0.17914	-0.07771	-0.19451	0.97782	-097.4624	047.6149	899.8657	0.92696	0.37412	-0.02787	-0.36281	0.87510	-0.32025	-0.09543	0.30697	0.94692	-055.2933	024.9478	901.6333	0.86692	0.48965	0.09326	-0.46289	0.72145	0.51502	0.18490	-0.48965	0.85209	0 	 0	0	0 	 0	0	0 	 0	0	0 	 0	0	010.8001	-044.9525	908.7026	0.56551	0.82391	0.03705	-0.81857	0.55523	0.14716	0.10068	-0.11355	0.98842	032.2754	-089.4190	913.8307	0.38193	0.92112	0.07524	-0.91844	0.36923	0.14189	0.10292	-0.12329	0.98702	044.5836	-134.4051	918.3386	0.20450	0.97743	-0.05294	-0.97432	0.20846	0.08516	0.09428	0.03417	0.99496	045.8085	-182.6872	924.3530	0.02084	0.99841	0.05233	-0.99837	0.01800	0.05409	0.05306	-0.05337	0.99716	
19	-025.2280	132.8802	870.3508	0.94284	0.00329	-0.33323	0.02949	0.99521	0.09325	0.33194	-0.09775	0.93822	-193.8411	080.6166	902.3511	-0.03194	0.99710	0.06913	-0.99470	-0.03847	0.09537	0.09775	-0.06572	0.99304	-143.6921	062.4459	902.0135	0.98275	0.15412	0.10226	-0.17047	0.96927	0.17736	-0.07178	-0.19173	0.97882	-097.4460	048.1558	901.8313	0.94031	0.33989	0.01697	-0.33779	0.92610	0.16802	0.04139	-0.16372	0.98564	-055.2548	025.3668	902.4707	0.83856	0.54466	-0.01274	-0.54023	0.83432	0.10979	0.07043	-0.08518	0.99387	0 	 0	0	0 	 0	0	0 	 0	0	0 	 0	0	010.8005	-044.9519	908.6716	0.56528	0.82439	0.02896	-0.81849	0.55617	0.14405	0.10264	-0.10513	0.98915	032.2751	-089.4177	913.8307	0.38173	0.91992	0.08961	-0.91874	0.36707	0.14551	0.10096	-0.13787	0.98529	044.5818	-134.4069	918.3282	0.20445	0.97755	-0.05102	-0.97441	0.20821	0.08472	0.09344	0.03239	0.99510	045.6183	-182.6857	922.7406	0.02767	0.94015	0.33964	-0.99052	-0.01995	0.13593	0.13457	-0.34018	0.93068	
20	-025.2266	132.8796	870.3478	0.94280	0.00328	-0.33335	0.02963	0.99517	0.09360	0.33205	-0.09812	0.93814	-193.8462	080.6121	902.3712	-0.03161	0.99695	0.07133	-0.99523	-0.03799	0.08990	0.09234	-0.06815	0.99339	-143.6921	062.4459	902.0135	0.98272	0.15397	0.10272	-0.17052	0.96898	0.17892	-0.07198	-0.19334	0.97849	-097.4584	047.9523	901.0675	0.93322	0.33138	0.13889	-0.34685	0.93174	0.10750	-0.09379	-0.14850	0.98446	-055.2088	025.3126	902.5371	0.84380	0.50611	0.17845	-0.53387	0.82548	0.18320	-0.05459	-0.24985	0.96674	0 	 0	0	0 	 0	0	0 	 0	0	0 	 0	0	010.8016	-044.9514	908.6940	0.56589	0.82378	0.03394	-0.81812	0.55594	0.14702	0.10224	-0.11096	0.98855	032.2749	-089.4164	913.8308	0.38150	0.91850	0.10395	-0.91905	0.36486	0.14910	0.09902	-0.15242	0.98334	044.5861	-134.4078	918.3614	0.20575	0.97820	-0.02826	-0.97486	0.20740	0.08149	0.08557	0.01078	0.99627	045.4367	-182.7111	922.2530	0.03417	0.89758	0.43953	-0.98776	-0.03664	0.15160	0.15218	-0.43933	0.88534	
21	-025.2484	132.8791	870.2709	0.94287	0.00400	-0.33314	0.02968	0.99494	0.09594	0.33184	-0.10035	0.93798	-193.8764	080.6506	902.0616	-0.03502	0.99803	0.05212	-0.99268	-0.04077	0.11367	0.11557	-0.04776	0.99215	-143.7281	062.3825	902.2145	0.98079	0.15290	0.12116	-0.17488	0.96434	0.19868	-0.08646	-0.21605	0.97255	-097.6920	046.1688	899.3272	0.90796	0.40425	0.11041	-0.19967	0.18570	0.96210	0.36843	-0.89560	0.24933	-055.3266	024.9528	902.0493	0.84389	0.53274	-0.06351	-0.53284	0.84605	0.01679	0.06268	0.01967	0.99784	-017.9504	-007.6581	905.5703	0.73084	0.68251	0.00677	-0.67905	0.72606	0.10834	0.06903	-0.08378	0.99409	010.4469	-045.4881	909.8563	0.56168	0.82661	0.03518	-0.82033	0.55087	0.15365	0.10763	-0.11516	0.98750	031.7489	-089.9126	915.3476	0.37793	0.92430	0.05330	-0.91770	0.36638	0.15358	0.12243	-0.10696	0.98670	043.8478	-134.9943	920.0288	0.20025	0.97933	-0.02847	-0.97357	0.20216	0.10630	0.10986	0.00643	0.99393	044.8529	-183.1876	926.6137	0.01411	0.99927	-0.03546	-0.99355	0.01801	0.11200	0.11255	0.03365	0.99308	
22	-025.2491	132.8804	870.2695	0.94274	0.00404	-0.33350	0.02982	0.99490	0.09636	0.33218	-0.10079	0.93781	-193.8764	080.6506	902.0616	-0.03494	0.99803	0.05211	-0.99268	-0.04069	0.11368	0.11557	-0.04776	0.99215	-143.7289	062.3821	902.2033	0.98117	0.15312	0.11771	-0.17396	0.96542	0.19415	-0.08392	-0.21097	0.97388	0 	 0	0	0 	 0	0	0 	 0	0	0 	 0	0	-055.3389	024.9626	902.6553	0.84418	0.53592	0.01207	-0.53439	0.83958	0.09764	0.04219	-0.08888	0.99515	-017.9490	-007.6573	905.5546	0.73030	0.68310	-0.00596	-0.67898	0.72681	0.10354	0.07506	-0.07157	0.99461	010.4492	-045.4918	909.8179	0.56174	0.82686	0.02732	-0.82058	0.55266	0.14566	0.10535	-0.10424	0.98896	031.7489	-089.9126	915.3476	0.37793	0.92425	0.05404	-0.91770	0.36626	0.15387	0.12243	-0.10775	0.98661	043.8492	-134.9933	920.0517	0.20071	0.97933	-0.02508	-0.97326	0.20225	0.10888	0.11170	0.00255	0.99374	044.8501	-183.1939	926.6252	0.01400	0.99886	-0.04566	-0.99351	0.01906	0.11213	0.11288	0.04379	0.99264	
23	-025.2488	132.8809	870.2731	0.94281	0.00417	-0.33332	0.02968	0.99490	0.09640	0.33202	-0.10078	0.93787	-193.8764	080.6504	902.0718	-0.03504	0.99813	0.05017	-0.99276	-0.04053	0.11309	0.11492	-0.04585	0.99232	-143.7283	062.3808	902.1693	0.98168	0.15391	0.11230	-0.17250	0.96826	0.18086	-0.08090	-0.19692	0.97708	0 	 0	0	0 	 0	0	0 	 0	0	0 	 0	0	-055.3378	024.9615	902.6518	0.84426	0.53545	0.02286	-0.53474	0.83876	0.10267	0.03580	-0.09890	0.99445	-017.9469	-007.6561	905.5396	0.72958	0.68364	-0.01857	-0.67909	0.72740	0.09862	0.08093	-0.05934	0.99495	010.4662	-045.4635	910.4449	0.56249	0.81948	0.10976	-0.82141	0.53874	0.18721	0.09428	-0.19547	0.97617	031.7505	-089.9139	915.3325	0.37777	0.92487	0.04361	-0.91761	0.36768	0.15104	0.12366	-0.09707	0.98757	043.8431	-135.0059	919.9819	0.20090	0.97952	-0.01351	-0.97358	0.20117	0.10801	0.10851	-0.00855	0.99406	044.8503	-183.1939	926.6252	0.01400	0.99886	-0.04566	-0.99351	0.01906	0.11213	0.11288	0.04379	0.99264	
24	-025.2521	132.8757	870.2711	0.94252	0.00398	-0.33412	0.02979	0.99495	0.09588	0.33282	-0.10032	0.93764	-193.8763	080.6508	902.0630	-0.03513	0.99822	0.04822	-0.99283	-0.04038	0.11251	0.11426	-0.04392	0.99248	-143.7281	062.3800	902.1735	0.98048	0.15096	0.12594	-0.17343	0.96586	0.19243	-0.09259	-0.21052	0.97319	0 	 0	0	0 	 0	0	0 	 0	0	0 	 0	0	-055.3378	024.9615	902.6388	0.84426	0.53546	0.02278	-0.53474	0.83876	0.10269	0.03588	-0.09887	0.99445	-017.9516	-007.6625	905.5567	0.73300	0.67934	0.03479	-0.67656	0.72278	0.14093	0.07059	-0.12684	0.98941	010.4532	-045.4980	910.1433	0.55591	0.82933	-0.05639	-0.81833	0.55792	0.13809	0.14598	-0.03061	0.98881	031.7514	-089.9155	915.3174	0.37759	0.92538	0.03317	-0.91751	0.36907	0.14819	0.12489	-0.08639	0.98840	043.8416	-135.0095	919.9787	0.20127	0.97951	-0.00739	-0.97349	0.20086	0.10943	0.10867	-0.01483	0.99397	044.8498	-183.1982	926.6437	0.01468	0.99931	-0.03398	-0.99370	0.01836	0.11055	0.11109	0.03214	0.99329	
25	-025.2538	132.8746	870.2820	0.94248	0.00403	-0.33423	0.02990	0.99490	0.09630	0.33292	-0.10075	0.93756	-193.8746	080.6502	902.0226	-0.03546	0.99816	0.04923	-0.99200	-0.04112	0.11932	0.12113	-0.04460	0.99163	-143.7281	062.3800	902.1735	0.98044	0.15119	0.12601	-0.17366	0.96585	0.19230	-0.09263	-0.21042	0.97321	0 	 0	0	0 	 0	0	0 	 0	0	0 	 0	0	-055.3369	024.9601	902.6257	0.84423	0.53562	0.01957	-0.53484	0.83949	0.09593	0.03496	-0.09145	0.99520	-018.0089	-007.7186	906.3768	0.71921	0.69195	-0.06273	-0.69300	0.70794	-0.13628	-0.04989	0.14148	0.98868	010.4516	-045.5023	910.0640	0.55777	0.82887	-0.04327	-0.81970	0.55828	0.12811	0.13035	-0.03599	0.99082	031.7531	-089.9183	915.2606	0.37721	0.92514	0.04263	-0.91815	0.36754	0.14802	0.12127	-0.09498	0.98807	043.8401	-135.0132	919.9758	0.20164	0.97946	-0.00127	-0.97340	0.20053	0.11084	0.10882	-0.02111	0.99384	044.8507	-183.1954	926.6695	0.01552	0.99976	-0.01558	-0.99356	0.01716	0.11203	0.11227	0.01374	0.99358	
26	-025.2556	132.8778	870.2920	0.94233	0.00361	-0.33468	0.02993	0.99502	0.09503	0.33336	-0.09956	0.93753	-193.8740	080.6464	902.0312	-0.03460	0.99807	0.05164	-0.99230	-0.04045	0.11707	0.11894	-0.04719	0.99178	-143.7261	062.3812	902.1889	0.97964	0.14958	0.13394	-0.17465	0.96389	0.20101	-0.09903	-0.22031	0.97039	-097.6195	047.0979	900.6087	0.93622	0.34726	0.05392	-0.34867	0.93706	0.01892	-0.04395	-0.03651	0.99837	-055.3365	024.9599	902.6672	0.84436	0.53502	0.02830	-0.53472	0.83823	0.10697	0.03351	-0.10546	0.99386	-017.9841	-007.6925	905.6407	0.73351	0.67775	-0.05110	-0.67711	0.73520	0.03165	0.05902	0.01138	0.99819	010.4514	-045.4998	910.0104	0.56009	0.82818	0.02039	-0.82202	0.55252	0.13789	0.10293	-0.09399	0.99024	031.7531	-089.9183	915.2606	0.37721	0.92514	0.04263	-0.91815	0.36754	0.14802	0.12127	-0.09498	0.98807	043.8388	-135.0168	919.9724	0.20201	0.97937	0.00484	-0.97330	0.20020	0.11225	0.10896	-0.02739	0.99367	044.8510	-183.1980	926.6695	0.01552	0.99976	-0.01566	-0.99356	0.01717	0.11202	0.11227	0.01382	0.99358	
27	-025.2510	132.8789	870.2980	0.94256	0.00352	-0.33403	0.02981	0.99507	0.09462	0.33272	-0.09915	0.93780	-193.8716	080.6451	901.9797	-0.03492	0.99831	0.04635	-0.99247	-0.04009	0.11572	0.11738	-0.04196	0.99220	-143.7228	062.3824	902.2037	0.97878	0.14788	0.14184	-0.17571	0.96185	0.20971	-0.10542	-0.23018	0.96742	-097.6195	047.0979	900.6087	0.93741	0.34405	0.05385	-0.34545	0.93824	0.01910	-0.04395	-0.03651	0.99837	-055.3360	024.9601	902.6842	0.84419	0.53516	0.03084	-0.53508	0.83782	0.10843	0.03219	-0.10804	0.99363	-017.9249	-007.6951	905.5517	0.72897	0.65558	0.19702	-0.68443	0.70335	0.19198	-0.01272	-0.27479	0.96142	010.4507	-045.4982	909.9871	0.56077	0.82726	0.03447	-0.82157	0.55078	0.14723	0.10281	-0.11088	0.98850	031.7531	-089.9166	915.2587	0.37712	0.92495	0.04739	-0.91823	0.36672	0.14955	0.12095	-0.09991	0.98762	043.8361	-135.0254	920.0044	0.20121	0.97952	-0.00726	-0.97345	0.20077	0.10991	0.10912	-0.01505	0.99391	044.8515	-183.1964	926.6747	0.01576	0.99984	-0.00885	-0.99344	0.01666	0.11315	0.11328	0.00700	0.99354	
28	-025.2546	132.8809	870.3038	0.94267	0.00452	-0.33371	0.02980	0.99477	0.09765	0.33241	-0.10200	0.93760	-193.8749	080.6457	902.0245	-0.03460	0.99824	0.04825	-0.99250	-0.03999	0.11549	0.11722	-0.04389	0.99214	-143.7228	062.3821	902.2070	0.97948	0.14857	0.13615	-0.17496	0.96219	0.20873	-0.09999	-0.22827	0.96845	-097.6195	047.0979	900.6087	0.93622	0.34726	0.05392	-0.34867	0.93706	0.01892	-0.04395	-0.03651	0.99837	-055.3360	024.9601	902.6842	0.84417	0.53519	0.03086	-0.53511	0.83779	0.10845	0.03219	-0.10806	0.99362	-017.9379	-007.7016	905.5209	0.72920	0.66995	0.13940	-0.68430	0.71374	0.14938	0.00058	-0.20431	0.97891	010.4503	-045.4986	910.0276	0.56074	0.82685	0.04349	-0.82178	0.54934	0.15130	0.10122	-0.12058	0.98753	031.7531	-089.9150	915.2567	0.37703	0.92473	0.05214	-0.91831	0.36589	0.15108	0.12063	-0.10485	0.98714	043.8361	-135.0307	920.0182	0.20169	0.97919	-0.02244	-0.97313	0.20294	0.10875	0.11104	-0.00010	0.99382	044.8531	-183.1930	926.6766	0.01617	0.99974	-0.01598	-0.99304	0.01792	0.11637	0.11663	0.01399	0.99308	
29	-025.2512	132.8767	870.2821	0.94230	0.00333	-0.33476	0.02963	0.99520	0.09329	0.33347	-0.09782	0.93767	-193.8723	080.6457	902.0245	-0.03460	0.99824	0.04824	-0.99250	-0.03999	0.11549	0.11722	-0.04389	0.99214	-143.7228	062.3821	902.2160	0.97947	0.14864	0.13617	-0.17503	0.96218	0.20872	-0.09999	-0.22827	0.96845	-097.6195	046.7972	900.1938	0.93622	0.34726	0.05392	-0.34867	0.93706	0.01892	-0.04395	-0.03651	0.99837	-055.3362	024.9603	902.6905	0.84438	0.53466	0.03406	-0.53491	0.83780	0.10934	0.02992	-0.11055	0.99342	-017.9379	-007.7016	905.5209	0.72923	0.67079	0.13515	-0.68427	0.71470	0.14487	0.00058	-0.19812	0.98018	010.4479	-045.4969	910.0142	0.56083	0.82715	0.03587	-0.82119	0.55023	0.15129	0.10541	-0.11430	0.98784	031.7532	-089.9133	915.2547	0.37693	0.92449	0.05690	-0.91839	0.36506	0.15261	0.12031	-0.10978	0.98665	043.8361	-135.0317	920.0222	0.20131	0.97928	-0.02212	-0.97304	0.20253	0.11031	0.11250	-0.00068	0.99365	044.8557	-183.1927	926.6889	0.01550	0.99945	0.02941	-0.99340	0.01205	0.11403	0.11361	-0.03098	0.99304	
30	-025.2513	132.8760	870.2938	0.94251	0.00439	-0.33416	0.02966	0.99487	0.09674	0.33287	-0.10109	0.93754	-193.8729	080.6464	902.0431	-0.03447	0.99796	0.05375	-0.99205	-0.04068	0.11908	0.12102	-0.04921	0.99143	-143.7231	062.3831	902.2164	0.97964	0.14883	0.13475	-0.17489	0.96220	0.20878	-0.09859	-0.22810	0.96863	-097.5848	046.7972	900.1938	0.93636	0.34739	0.05050	-0.34872	0.93701	0.02019	-0.04031	-0.03652	0.99852	-055.3365	024.9598	902.6827	0.84408	0.53555	0.02672	-0.53506	0.83793	0.10769	0.03528	-0.10520	0.99383	-017.9446	-007.6947	905.5083	0.73002	0.67909	0.07683	-0.68226	0.71762	0.13980	0.03980	-0.15447	0.98720	010.4477	-045.4971	910.0057	0.56090	0.82753	0.02403	-0.82001	0.55134	0.15361	0.11387	-0.10587	0.98784	031.7529	-089.9117	915.2527	0.37684	0.92422	0.06165	-0.91847	0.36421	0.15413	0.12000	-0.11471	0.98613	043.8361	-135.0317	920.0222	0.20131	0.97928	-0.02212	-0.97304	0.20253	0.11031	0.11250	-0.00068	0.99365	044.8560	-183.1913	926.6889	0.01552	0.99945	0.02940	-0.99335	0.01205	0.11449	0.11407	-0.03098	0.99299	
31	-025.2811	132.9230	870.2209	0.93958	0.00407	-0.34229	0.03003	0.99509	0.09427	0.34100	-0.09885	0.93485	-193.8790	080.6890	902.1698	-0.03428	0.99767	0.05902	-0.99276	-0.04079	0.11296	0.11510	-0.05472	0.99185	-143.7902	062.1459	902.1598	0.98457	0.16878	0.04628	-0.17365	0.97503	0.13842	-0.02176	-0.14432	0.98929	-097.7505	047.0470	901.8272	0.92913	0.35528	0.10242	-0.36535	0.92476	0.10651	-0.05687	-0.13638	0.98902	-055.9749	023.6712	903.3326	0.83383	0.55152	0.02336	-0.55052	0.82772	0.10867	0.04060	-0.10347	0.99380	0 	 0	0	0 	 0	0	0 	 0	0	0 	 0	0	007.7426	-048.3911	911.5772	0.53489	0.84418	0.03527	-0.83640	0.52312	0.16364	0.11969	-0.11703	0.98589	027.3121	-093.5844	917.3183	0.34981	0.89686	-0.27067	-0.92400	0.37794	0.05813	0.15444	0.22977	0.96091	038.2506	-138.8688	922.0593	0.17045	0.95476	-0.24369	-0.98212	0.18467	0.03658	0.07993	0.23310	0.96916	038.3309	-187.2766	929.5630	-0.00146	0.97150	-0.23702	-0.98944	0.03295	0.14115	0.14493	0.23472	0.96120	
32	-025.2393	132.8873	869.9543	0.94312	0.00398	-0.33243	0.02951	0.99498	0.09565	0.33114	-0.10002	0.93827	-193.8811	080.6893	902.1468	-0.03414	0.99759	0.06040	-0.99266	-0.04086	0.11382	0.11602	-0.05607	0.99166	-143.7909	062.1464	902.1523	0.98424	0.16830	0.05423	-0.17449	0.97408	0.14391	-0.02860	-0.15111	0.98810	-097.7505	047.0470	901.8185	0.92915	0.35522	0.10247	-0.36530	0.92478	0.10648	-0.05694	-0.13636	0.98902	-055.9737	023.6705	903.3110	0.83364	0.55161	0.02764	-0.55129	0.82804	0.10209	0.03343	-0.10035	0.99439	0 	 0	0	0 	 0	0	0 	 0	0	0 	 0	0	007.7505	-048.3898	911.5782	0.53636	0.84227	0.05393	-0.83764	0.52340	0.15623	0.10336	-0.12897	0.98625	027.3121	-093.5844	917.3183	0.34224	0.89993	-0.27019	-0.92683	0.37059	0.06035	0.15444	0.22977	0.96091	038.2614	-138.8357	921.9219	0.17051	0.93895	-0.29883	-0.98257	0.18480	0.02001	0.07402	0.29021	0.95410	038.3251	-187.2917	929.6331	-0.00189	0.96313	-0.26904	-0.99066	0.03487	0.13179	0.13631	0.26678	0.95407	
33	-025.2572	132.8883	870.0158	0.94296	0.00314	-0.33289	0.03064	0.99489	0.09618	0.33149	-0.10089	0.93805	-193.8788	080.6893	902.1468	-0.03412	0.99759	0.06042	-0.99260	-0.04087	0.11432	0.11651	-0.05607	0.99161	-143.7909	062.1445	902.1523	0.98426	0.16819	0.05418	-0.17438	0.97413	0.14374	-0.02860	-0.15092	0.98813	-097.7502	047.0385	901.7924	0.92901	0.35130	0.11629	-0.36676	0.91590	0.16313	-0.04920	-0.19421	0.97973	-055.9727	023.6713	903.3343	0.83369	0.55158	0.02680	-0.55100	0.82760	0.10708	0.03688	-0.10404	0.99389	0 	 0	0	0 	 0	0	0 	 0	0	0 	 0	0	007.7395	-048.3885	911.5757	0.53569	0.84399	0.02670	-0.83586	0.52551	0.15869	0.11990	-0.10733	0.98697	027.1856	-093.5586	917.6800	0.33863	0.86678	-0.36609	-0.92839	0.37107	0.01980	0.15301	0.33317	0.93037	0 	 0	0	0 	 0	0	0 	 0	0	0 	 0	0	038.2794	-187.3867	930.0452	0.00360	0.91080	-0.41284	-0.99801	0.02926	0.05585	0.06295	0.41182	0.90909	
34	-025.2688	132.8880	870.0770	0.94146	0.00168	-0.33712	0.03081	0.99537	0.09101	0.33571	-0.09607	0.93705	-193.8828	080.6893	902.1713	-0.03402	0.99760	0.06030	-0.99284	-0.04065	0.11237	0.11455	-0.05605	0.99184	-143.7869	062.1438	902.1435	0.98449	0.16803	0.05045	-0.17355	0.97483	0.13992	-0.02567	-0.14651	0.98888	-097.7701	046.9061	901.0504	0.89768	0.36920	0.24054	-0.37614	0.92638	-0.01817	-0.22955	-0.07416	0.97047	-055.9709	023.6709	903.3058	0.83360	0.55209	0.01759	-0.55101	0.82889	0.09656	0.03873	-0.09019	0.99517	0 	 0	0	0 	 0	0	0 	 0	0	0 	 0	0	007.7372	-048.3879	911.5533	0.53642	0.84323	0.03494	-0.83645	0.52569	0.15491	0.11226	-0.11232	0.98731	027.1008	-094.3485	915.4489	0.33886	0.87644	0.34209	-0.93254	0.26470	0.24557	0.12467	-0.40223	0.90701	0 	 0	0	0 	 0	0	0 	 0	0	0 	 0	0	038.2436	-187.4240	930.1784	0.00734	0.88153	-0.47207	-0.99892	0.02816	0.03705	0.04596	0.47129	0.88078	
35	-025.2731	132.8893	870.1106	0.94215	0.00341	-0.33517	0.03042	0.99495	0.09564	0.33381	-0.10030	0.93729	-193.8828	080.6893	902.1713	-0.03402	0.99761	0.06021	-0.99284	-0.04064	0.11237	0.11455	-0.05596	0.99184	-143.7871	062.1435	902.1537	0.98429	0.16806	0.05412	-0.17438	0.97335	0.14891	-0.02766	-0.15600	0.98737	-097.7864	047.5388	902.8545	0.93270	0.35706	-0.05074	-0.33355	0.90756	0.25510	0.13714	-0.22101	0.96558	-055.9709	023.6711	903.3058	0.83361	0.55207	0.01750	-0.55099	0.82892	0.09643	0.03873	-0.09003	0.99519	0 	 0	0	0 	 0	0	0 	 0	0	0 	 0	0	007.7383	-048.3885	911.5459	0.53668	0.84269	0.04294	-0.83655	0.52473	0.15761	0.11028	-0.12051	0.98657	026.4794	-094.4683	915.0906	0.33357	0.80039	0.49810	-0.93559	0.21618	0.27918	0.11577	-0.55914	0.82095	038.2740	-138.9505	922.6691	0.17362	0.98430	0.03184	-0.98070	0.16985	0.09685	0.08992	-0.04804	0.99479	038.2000	-187.4637	930.3081	0.01220	0.84843	-0.52916	-0.99950	0.02582	0.01836	0.02924	0.52867	0.84832	
36	-025.2753	132.8885	870.1107	0.94207	0.00338	-0.33540	0.03044	0.99496	0.09552	0.33404	-0.10020	0.93722	-193.8822	080.6871	902.1685	-0.03422	0.99749	0.06201	-0.99272	-0.04109	0.11321	0.11547	-0.05769	0.99163	-143.7865	062.1435	902.1256	0.98432	0.16843	0.05233	-0.17432	0.97416	0.14358	-0.02679	-0.15045	0.98825	-097.7765	047.1811	901.9140	0.92838	0.34654	0.13424	-0.36015	0.92804	0.09500	-0.09166	-0.13654	0.98638	-055.9713	023.6705	903.2752	0.83357	0.55210	0.01884	-0.55129	0.82921	0.09213	0.03524	-0.08719	0.99557	0 	 0	0	0 	 0	0	0 	 0	0	0 	 0	0	007.7363	-048.3905	911.5310	0.53607	0.84334	0.03756	-0.83676	0.52495	0.15577	0.11165	-0.11493	0.98708	027.3048	-093.6155	917.7835	0.34955	0.90322	-0.24901	-0.92561	0.37408	0.05750	0.14509	0.21039	0.96679	038.2720	-138.9505	922.4021	0.17362	0.98430	0.03184	-0.98070	0.16985	0.09685	0.08992	-0.04804	0.99479	038.3569	-187.3241	929.3089	-0.00328	0.96280	-0.27020	-0.99140	0.03222	0.12686	0.13085	0.26829	0.95441	
37	-025.2696	132.8825	870.1041	0.94232	0.00279	-0.33470	0.03007	0.99522	0.09295	0.33336	-0.09765	0.93773	-193.8830	080.6895	902.1744	-0.03406	0.99756	0.06095	-0.99284	-0.04075	0.11225	0.11446	-0.05669	0.99181	-143.7896	062.1433	902.1253	0.98418	0.16818	0.05571	-0.17449	0.97459	0.14046	-0.03067	-0.14796	0.98852	-097.7461	047.1018	901.9647	0.92367	0.31568	0.21724	-0.37031	0.88110	0.29416	-0.09855	-0.35215	0.93074	-055.9713	023.6706	903.2752	0.83357	0.55210	0.01880	-0.55129	0.82921	0.09216	0.03529	-0.08719	0.99557	-019.4530	-009.8116	906.6569	0.71184	0.70216	0.01629	-0.69799	0.70466	0.12750	0.07804	-0.10213	0.99170	007.7340	-048.3920	911.5037	0.53590	0.84335	0.03967	-0.83705	0.52459	0.15540	0.11025	-0.11649	0.98705	027.3048	-093.8916	917.7835	0.34955	0.90322	-0.24901	-0.92561	0.37408	0.05750	0.14509	0.21039	0.96679	038.2708	-138.9550	922.3311	0.17294	0.98239	-0.07068	-0.97957	0.17903	0.09159	0.10263	0.05340	0.99329	038.3569	-187.3241	929.3089	-0.00328	0.96280	-0.27019	-0.99128	0.03246	0.12771	0.13173	0.26826	0.95430	
38	-025.2656	132.8773	870.0855	0.94221	0.00245	-0.33501	0.03010	0.99531	0.09193	0.33367	-0.09671	0.93772	-193.8833	080.6881	902.1917	-0.03415	0.99753	0.06144	-0.99277	-0.04094	0.11287	0.11510	-0.05714	0.99171	-143.7897	062.1434	902.1214	0.98374	0.16709	0.06589	-0.17507	0.97397	0.14397	-0.04012	-0.15316	0.98739	-097.7461	047.1018	901.9647	0.92367	0.31571	0.21718	-0.37031	0.88115	0.29401	-0.09855	-0.35199	0.93080	-055.9723	023.6709	903.2826	0.83392	0.55125	0.02651	-0.55093	0.82869	0.09872	0.03245	-0.09693	0.99476	-019.4530	-009.8116	906.6569	0.71184	0.70216	0.01629	-0.69799	0.70466	0.12750	0.07804	-0.10213	0.99170	007.7319	-048.3939	911.5019	0.53606	0.84363	0.03049	-0.83693	0.52638	0.14988	0.11040	-0.10586	0.98823	026.9218	-094.0298	915.5898	0.34460	0.88844	0.30319	-0.91110	0.23872	0.33601	0.22615	-0.39203	0.89172	038.2735	-138.9668	922.3777	0.17416	0.98177	-0.07612	-0.97960	0.18061	0.08813	0.10028	0.05922	0.99320	038.3569	-187.3241	929.3089	-0.00328	0.96280	-0.27019	-0.99128	0.03246	0.12771	0.13173	0.26826	0.95430	
39	-025.2648	132.8763	870.1030	0.94247	0.00281	-0.33428	0.03005	0.99520	0.09309	0.33294	-0.09778	0.93786	-193.8881	080.6874	902.2145	-0.03454	0.99768	0.05867	-0.99281	-0.04098	0.11244	0.11459	-0.05436	0.99193	-143.7931	062.1439	902.1476	0.98367	0.16736	0.06627	-0.17564	0.97294	0.15014	-0.03935	-0.15933	0.98644	-097.7410	047.0844	901.8556	0.92641	0.34447	0.15203	-0.36846	0.91250	0.17770	-0.07751	-0.22064	0.97227	-055.9723	023.6709	903.2713	0.83383	0.55138	0.02652	-0.55107	0.82860	0.09870	0.03245	-0.09691	0.99476	-019.4530	-009.8116	906.6569	0.71184	0.70216	0.01629	-0.69799	0.70466	0.12750	0.07804	-0.10213	0.99170	007.7376	-048.3965	911.5074	0.53631	0.84336	0.03333	-0.83714	0.52650	0.14830	0.10752	-0.10744	0.98838	026.8510	-094.1372	914.8382	0.32763	0.94459	-0.02003	-0.93887	0.32787	0.10501	0.10576	-0.01560	0.99427	038.2783	-138.9612	922.4400	0.17403	0.98370	-0.04518	-0.97889	0.17780	0.10076	0.10715	0.02669	0.99388	038.3569	-187.3241	929.3089	-0.00328	0.96280	-0.27019	-0.99128	0.03246	0.12771	0.13173	0.26826	0.95430	
