"#"	"COOLCARD X"	"COOLCARD Y"	"COOLCARD Z"	"COOLCARD R11"	"COOLCARD R12"	"COOLCARD R13"	"COOLCARD R21"	"COOLCARD R22"	"COOLCARD R23"	"COOLCARD R31"	"COOLCARD R32"	"COOLCARD R33"	"Reference X"	"Reference Y"	"Reference Z"	"Reference R11"	"Reference R12"	"Reference R13"	"Reference R21"	"Reference R22"	"Reference R23"	"Reference R31"	"Reference R32"	"Reference R33"	"TR_1 X"	"TR_1 Y"	"TR_1 Z"	"TR_1 R11"	"TR_1 R12"	"TR_1 R13"	"TR_1 R21"	"TR_1 R22"	"TR_1 R23"	"TR_1 R31"	"TR_1 R32"	"TR_1 R33"	"TR_2 X"	"TR_2 Y"	"TR_2 Z"	"TR_2 R11"	"TR_2 R12"	"TR_2 R13"	"TR_2 R21"	"TR_2 R22"	"TR_2 R23"	"TR_2 R31"	"TR_2 R32"	"TR_2 R33"	"TR_3 X"	"TR_3 Y"	"TR_3 Z"	"TR_3 R11"	"TR_3 R12"	"TR_3 R13"	"TR_3 R21"	"TR_3 R22"	"TR_3 R23"	"TR_3 R31"	"TR_3 R32"	"TR_3 R33"	"TR_4 X"	"TR_4 Y"	"TR_4 Z"	"TR_4 R11"	"TR_4 R12"	"TR_4 R13"	"TR_4 R21"	"TR_4 R22"	"TR_4 R23"	"TR_4 R31"	"TR_4 R32"	"TR_4 R33"	"TR_5 X"	"TR_5 Y"	"TR_5 Z"	"TR_5 R11"	"TR_5 R12"	"TR_5 R13"	"TR_5 R21"	"TR_5 R22"	"TR_5 R23"	"TR_5 R31"	"TR_5 R32"	"TR_5 R33"	"TR_6 X"	"TR_6 Y"	"TR_6 Z"	"TR_6 R11"	"TR_6 R12"	"TR_6 R13"	"TR_6 R21"	"TR_6 R22"	"TR_6 R23"	"TR_6 R31"	"TR_6 R32"	"TR_6 R33"	"TR_7 X"	"TR_7 Y"	"TR_7 Z"	"TR_7 R11"	"TR_7 R12"	"TR_7 R13"	"TR_7 R21"	"TR_7 R22"	"TR_7 R23"	"TR_7 R31"	"TR_7 R32"	"TR_7 R33"	"TR_8 X"	"TR_8 Y"	"TR_8 Z"	"TR_8 R11"	"TR_8 R12"	"TR_8 R13"	"TR_8 R21"	"TR_8 R22"	"TR_8 R23"	"TR_8 R31"	"TR_8 R32"	"TR_8 R33"	
1	-147.7367	053.6870	714.4670	0.97379	0.01269	-0.22711	-0.01246	0.99992	0.00243	0.22712	0.00047	0.97387	-256.6145	-000.8642	779.5595	-0.01401	0.99379	-0.11040	-0.99987	-0.01305	0.00941	0.00791	0.11052	0.99384	-204.7275	-011.4407	784.7140	0.99840	0.00343	-0.05643	-0.00388	0.99996	-0.00787	0.05640	0.00808	0.99838	-155.4036	-014.0089	787.7911	0.99679	0.08004	0.00238	-0.08001	0.99675	-0.00954	-0.00313	0.00932	0.99995	-107.1982	-022.1775	791.6056	0.98185	0.18069	-0.05765	-0.18153	0.98334	-0.00966	0.05494	0.01995	0.99829	-058.5165	-035.3940	794.8471	0.95809	0.27778	-0.06994	-0.27904	0.96024	-0.00870	0.06475	0.02785	0.99751	-014.2319	-054.2097	797.7562	0.90886	0.41195	-0.06533	-0.41174	0.91114	0.01724	0.06663	0.01123	0.99771	029.0602	-079.5197	800.1847	0.84193	0.53761	-0.04607	-0.53817	0.84283	0.00036	0.03902	0.02449	0.99894	065.6761	-109.4740	802.1415	0.76015	0.64967	-0.00972	-0.64971	0.76018	-0.00171	0.00628	0.00761	0.99995	097.4153	-144.9327	803.8655	0.66224	0.73193	0.16038	-0.74529	0.62136	0.24177	0.07731	-0.27964	0.95699	
2	-147.7377	053.6865	714.4689	0.97398	0.01263	-0.22628	-0.01235	0.99992	0.00262	0.22629	0.00024	0.97406	-256.6223	-000.8636	779.5998	-0.00667	0.99278	-0.11980	-0.99979	-0.00893	-0.01830	-0.01924	0.11965	0.99263	-204.7302	-011.4417	784.7179	0.99824	0.00331	-0.05918	-0.00348	0.99999	-0.00275	0.05917	0.00295	0.99824	-155.4025	-014.0079	787.7883	0.99678	0.08006	0.00530	-0.08001	0.99675	-0.00908	-0.00601	0.00862	0.99994	-107.1983	-022.1794	791.5972	0.98184	0.18060	-0.05809	-0.18105	0.98347	-0.00253	0.05667	0.01300	0.99831	-058.5175	-035.3939	794.8459	0.95799	0.27879	-0.06730	-0.27951	0.96014	-0.00131	0.06425	0.02006	0.99773	-014.2329	-054.2098	797.7454	0.90879	0.41200	-0.06598	-0.41185	0.91110	0.01637	0.06686	0.01230	0.99769	029.0616	-079.5186	800.2686	0.83908	0.53926	-0.07168	-0.54046	0.84136	0.00314	0.06201	0.03611	0.99742	065.6739	-109.4763	802.2100	0.75957	0.65035	-0.00999	-0.65041	0.75957	-0.00426	0.00482	0.00974	0.99994	097.3243	-145.0009	803.6650	0.66773	0.70095	0.25061	-0.73909	0.58412	0.33548	0.08877	-0.40924	0.90810	
3	-147.7381	053.6858	714.4636	0.97389	0.01258	-0.22666	-0.01233	0.99992	0.00251	0.22668	0.00035	0.97397	-256.6352	-000.8765	779.6280	-0.01293	0.99755	-0.06873	-0.99982	-0.01196	0.01451	0.01365	0.06890	0.99753	-204.7302	-011.4414	784.7179	0.99824	0.00331	-0.05918	-0.00348	0.99999	-0.00275	0.05917	0.00295	0.99824	-155.4006	-014.0068	787.7850	0.99681	0.07985	-0.00042	-0.07985	0.99674	-0.01184	-0.00053	0.01184	0.99993	-107.1976	-022.1816	791.5963	0.98184	0.18055	-0.05817	-0.18116	0.98344	-0.00531	0.05625	0.01575	0.99829	-058.5438	-035.5275	794.2446	0.95548	0.28321	-0.08274	-0.29221	0.94713	-0.13253	0.04083	0.15081	0.98772	-014.2332	-054.2112	797.7750	0.90862	0.41193	-0.06867	-0.41201	0.91108	0.01375	0.06822	0.01580	0.99754	029.0409	-079.5303	800.8766	0.83551	0.52427	-0.16449	-0.54074	0.83768	-0.07671	0.09757	0.15304	0.98339	065.6658	-109.4893	802.8668	0.76082	0.64874	-0.01701	-0.64861	0.76101	0.01301	0.02138	0.00113	0.99977	097.2145	-145.0883	803.4819	0.67429	0.65779	0.33564	-0.73181	0.53429	0.42307	0.09896	-0.53089	0.84164	
4	-147.7395	053.6859	714.4601	0.97392	0.01276	-0.22653	-0.01237	0.99992	0.00316	0.22655	-0.00027	0.97400	-256.6019	-000.8541	779.5272	-0.01065	0.99744	-0.07073	-0.99993	-0.01027	0.00578	0.00504	0.07079	0.99748	-204.7328	-011.4425	784.7214	0.99804	0.00369	-0.06253	-0.00406	0.99998	-0.00573	0.06251	0.00597	0.99803	-155.3995	-014.0078	787.7913	0.99678	0.07990	-0.00656	-0.08004	0.99652	-0.02345	0.00467	0.02390	0.99970	-107.2067	-022.2937	790.9144	0.98227	0.18748	0.00274	-0.18707	0.98090	-0.05337	-0.01269	0.05191	0.99857	-058.5499	-035.5438	793.6192	0.95379	0.27508	-0.12086	-0.29984	0.89741	-0.32365	0.01943	0.34493	0.93843	-014.2341	-054.2135	797.8003	0.90866	0.41198	-0.06792	-0.41202	0.91107	0.01420	0.06773	0.01508	0.99759	029.0433	-079.5345	800.9985	0.83919	0.53982	-0.06604	-0.53984	0.84155	0.01909	0.06588	0.01963	0.99763	065.6665	-109.5021	803.2171	0.76109	0.64788	0.03135	-0.64862	0.75982	0.04434	0.00491	-0.05408	0.99852	097.1423	-145.1374	803.2641	0.68177	0.60329	0.41380	-0.72359	0.47283	0.50284	0.10770	-0.64225	0.75889	
5	-147.7405	053.6856	714.4539	0.97400	0.01258	-0.22618	-0.01239	0.99992	0.00225	0.22619	0.00061	0.97408	-256.5706	-000.8783	779.3948	-0.01222	0.99278	-0.11933	-0.99986	-0.01353	-0.01013	-0.01168	0.11919	0.99280	-204.7347	-011.4392	784.7286	0.99769	0.00323	-0.06779	-0.00390	0.99994	-0.00982	0.06775	0.01006	0.99765	-155.3997	-014.0078	787.7913	0.99680	0.07966	-0.00654	-0.07980	0.99654	-0.02346	0.00465	0.02391	0.99970	-107.2339	-022.0700	793.0732	0.96635	0.18340	-0.18035	-0.16765	0.98085	0.09915	0.19508	-0.06558	0.97859	-058.5327	-035.3571	795.3266	0.96111	0.26989	-0.05846	-0.26873	0.96283	0.02713	0.06361	-0.01037	0.99792	-014.2349	-054.2156	797.8149	0.90855	0.41181	-0.07032	-0.41200	0.91110	0.01243	0.06918	0.01768	0.99745	028.9809	-079.5619	800.6928	0.84526	0.53267	-0.04238	-0.51901	0.83727	0.17208	0.12714	-0.12346	0.98417	065.6619	-109.5002	803.1276	0.76033	0.64951	0.00615	-0.64942	0.75997	0.02640	0.01247	-0.02406	0.99963	096.9460	-145.3119	803.1818	0.69005	0.53849	0.48359	-0.71460	0.40091	0.57325	0.11481	-0.74115	0.66145	
6	-147.7422	053.6856	714.4687	0.97409	0.01295	-0.22579	-0.01242	0.99992	0.00377	0.22582	-0.00087	0.97417	-256.6610	-000.8635	779.7436	-0.01358	0.99337	-0.11416	-0.99987	-0.01254	0.00980	0.00831	0.11428	0.99341	-204.7347	-011.4416	784.7286	0.99769	0.00327	-0.06779	-0.00395	0.99994	-0.00981	0.06775	0.01006	0.99765	-155.3991	-014.0091	787.7937	0.99679	0.07985	-0.00581	-0.07992	0.99673	-0.01221	0.00481	0.01263	0.99991	-107.2202	-022.1113	791.9121	0.97878	0.16647	-0.11945	-0.17934	0.97799	-0.10663	0.09907	0.12580	0.98710	-058.5368	-035.3745	794.7983	0.95913	0.28274	-0.01136	-0.28130	0.95707	0.06983	0.03061	-0.06378	0.99749	-014.2361	-054.2165	797.8222	0.90860	0.41176	-0.06998	-0.41192	0.91113	0.01276	0.06902	0.01724	0.99747	028.9757	-079.5652	800.5598	0.84048	0.53944	0.05097	-0.53245	0.80481	0.26225	0.10045	-0.24755	0.96365	065.6635	-109.4979	802.9868	0.76007	0.64975	-0.01071	-0.64966	0.76015	0.01074	0.01512	-0.00121	0.99988	096.7919	-145.4433	803.0706	0.69895	0.46465	0.54366	-0.70501	0.31994	0.63294	0.12016	-0.82568	0.55120	
7	-147.7435	053.6867	714.4749	0.97404	0.01285	-0.22600	-0.01241	0.99992	0.00339	0.22602	-0.00050	0.97412	-256.6420	-000.8936	779.8965	-0.00393	0.99816	-0.06055	-0.99931	-0.00615	-0.03663	-0.03694	0.06037	0.99749	-204.7411	-011.4409	784.7486	0.99744	0.00412	-0.07144	-0.00428	0.99999	-0.00209	0.07143	0.00239	0.99744	-155.3991	-014.0091	787.7937	0.99679	0.07985	-0.00582	-0.07992	0.99672	-0.01240	0.00481	0.01282	0.99991	-107.2215	-022.1488	791.7176	0.98180	0.18700	-0.03322	-0.18512	0.98130	0.05273	0.04245	-0.04562	0.99806	-058.5368	-035.3829	794.5898	0.95913	0.28274	-0.01136	-0.28130	0.95707	0.06983	0.03061	-0.06378	0.99749	-014.2358	-054.2160	797.8056	0.90856	0.41213	-0.06834	-0.41202	0.91103	0.01622	0.06894	0.01342	0.99753	029.0512	-079.5097	800.4797	0.83897	0.53815	-0.08078	-0.54151	0.84029	-0.02609	0.05384	0.06563	0.99639	065.6645	-109.4805	802.1762	0.75852	0.65057	0.03762	-0.65159	0.75798	0.02985	-0.00909	-0.04716	0.99885	097.2626	-145.1315	803.1047	0.66010	0.73754	0.14246	-0.75026	0.63796	0.17356	0.03712	-0.22144	0.97447	
8	-147.7446	053.6869	714.4780	0.97423	0.01306	-0.22516	-0.01244	0.99991	0.00417	0.22520	-0.00127	0.97431	-256.5976	-000.8776	779.6305	-0.00694	0.99775	-0.06661	-0.99962	-0.00870	-0.02618	-0.02670	0.06640	0.99744	-204.7447	-011.4396	784.7437	0.99738	0.00476	-0.07212	-0.00434	0.99997	0.00608	0.07214	-0.00575	0.99738	-155.3991	-014.0082	787.7905	0.99680	0.07969	-0.00579	-0.07975	0.99676	-0.01025	0.00496	0.01068	0.99993	-107.2163	-022.1459	791.5771	0.98250	0.18254	-0.03702	-0.18145	0.98291	0.03104	0.04205	-0.02378	0.99883	-058.5410	-035.3562	794.8534	0.95600	0.28725	-0.05957	-0.28292	0.95646	0.07175	0.07759	-0.05174	0.99564	-014.2363	-054.2148	797.7898	0.90870	0.41241	-0.06474	-0.41206	0.91095	0.01932	0.06694	0.00912	0.99772	029.0609	-079.4963	800.4200	0.83873	0.53766	-0.08637	-0.54089	0.84090	-0.01791	0.06300	0.06174	0.99610	065.6646	-109.4599	802.0872	0.75900	0.64628	-0.07899	-0.65040	0.75819	-0.04619	0.03003	0.08643	0.99580	097.2626	-145.1315	803.1047	0.66010	0.73754	0.14246	-0.75026	0.63796	0.17356	0.03712	-0.22144	0.97447	
9	-147.7459	053.6871	714.4795	0.97416	0.01311	-0.22550	-0.01245	0.99991	0.00434	0.22553	-0.00142	0.97423	-256.5520	-000.8541	779.3179	-0.01009	0.99555	-0.09364	-0.99991	-0.01083	-0.00741	-0.00840	0.09356	0.99558	-204.7436	-011.4396	784.7437	0.99738	0.00476	-0.07212	-0.00434	0.99997	0.00608	0.07214	-0.00575	0.99738	-155.3991	-014.0092	787.7905	0.99680	0.07969	-0.00584	-0.07975	0.99676	-0.01087	0.00496	0.01130	0.99992	-107.2160	-022.1535	791.5912	0.98258	0.18274	-0.03393	-0.18218	0.98308	0.01895	0.03682	-0.01244	0.99924	-058.5420	-035.3562	794.8534	0.95571	0.28744	-0.06322	-0.28283	0.95640	0.07283	0.08139	-0.05173	0.99534	-014.2363	-054.2148	797.7898	0.90870	0.41241	-0.06474	-0.41206	0.91095	0.01932	0.06694	0.00912	0.99772	029.0489	-079.5128	800.4168	0.84123	0.53777	-0.05596	-0.53578	0.84303	0.04726	0.07259	-0.00978	0.99731	065.6807	-109.4741	802.6543	0.75860	0.65155	0.00344	-0.65108	0.75783	0.04234	0.02498	-0.03436	0.99910	097.1106	-145.1315	803.1047	0.66010	0.73754	0.14246	-0.75026	0.63796	0.17356	0.03712	-0.22144	0.97447	
10	-147.7475	053.6876	714.4899	0.97405	0.01314	-0.22594	-0.01245	0.99991	0.00447	0.22598	-0.00154	0.97413	-256.5542	-000.8629	779.3738	-0.01185	0.99243	-0.12222	-0.99993	-0.01207	-0.00105	-0.00251	0.12220	0.99250	-204.7422	-011.4394	784.7299	0.99747	0.00483	-0.07088	-0.00426	0.99996	0.00828	0.07091	-0.00796	0.99745	-155.3992	-014.0088	787.7889	0.99681	0.07960	-0.00564	-0.07966	0.99675	-0.01198	0.00467	0.01239	0.99991	-107.2160	-022.1535	791.5912	0.98258	0.18274	-0.03393	-0.18218	0.98308	0.01895	0.03682	-0.01244	0.99924	-058.5393	-035.3682	794.9097	0.95772	0.28294	-0.05221	-0.28037	0.95851	0.05146	0.06460	-0.03464	0.99731	-014.2369	-054.2147	797.7891	0.90878	0.41246	-0.06317	-0.41204	0.91094	0.02024	0.06589	0.00763	0.99780	029.1062	-079.5527	801.1921	0.83564	0.53510	-0.12400	-0.54927	0.81227	-0.19628	-0.00431	0.23213	0.97268	065.6726	-109.4861	802.8272	0.76164	0.64794	0.00893	-0.64800	0.76152	0.01375	0.00211	-0.01626	0.99987	097.1034	-145.1229	803.3787	0.66168	0.74737	0.06010	-0.74767	0.65169	0.12761	0.05620	-0.12937	0.99000	
11	-147.8122	053.7065	714.5573	0.97391	0.01278	-0.22655	-0.01236	0.99992	0.00330	0.22658	-0.00041	0.97399	-256.7070	-000.8984	779.9490	-0.00547	0.99428	-0.10669	-0.99907	-0.01000	-0.04196	-0.04279	0.10636	0.99341	-204.9132	-011.8986	784.7218	0.99794	0.01501	-0.06244	-0.01481	0.99988	0.00373	0.06249	-0.00280	0.99804	-155.6569	-015.2935	787.9260	0.99390	0.09055	-0.06303	-0.09445	0.99360	-0.06199	0.05701	0.06757	0.99608	-107.6962	-024.5270	791.7214	0.97777	0.20051	-0.06130	-0.20155	0.97941	-0.01121	0.05779	0.02332	0.99806	-059.3043	-038.7335	795.3739	0.95063	0.29670	-0.09094	-0.29796	0.95458	-0.00032	0.08672	0.02740	0.99586	-015.3640	-058.4572	797.7526	0.90162	0.43001	-0.04663	-0.42740	0.90229	0.05658	0.06641	-0.03109	0.99731	027.6321	-084.4668	801.4431	0.83210	0.55396	-0.02727	-0.55365	0.83254	0.01849	0.03295	-0.00029	0.99946	063.9237	-114.8316	803.0567	0.75224	0.65823	-0.02958	-0.65778	0.75282	0.02433	0.03828	0.00116	0.99927	095.4333	-150.4219	803.6389	0.64684	0.76083	-0.05226	-0.76237	0.64687	-0.01864	0.01963	0.05189	0.99846	
12	-147.8122	053.7064	714.5584	0.97378	0.01236	-0.22715	-0.01234	0.99992	0.00150	0.22715	0.00135	0.97386	-256.7209	-000.8844	779.9696	-0.00887	0.99765	-0.06791	-0.99979	-0.01011	-0.01803	-0.01868	0.06774	0.99753	-204.9129	-011.9004	784.7261	0.99839	0.01545	-0.05451	-0.01508	0.99986	0.00724	0.05462	-0.00641	0.99849	-155.6496	-015.3006	787.8742	0.99454	0.09410	-0.04509	-0.09689	0.99321	-0.06445	0.03872	0.06847	0.99690	-107.6948	-024.5285	791.7528	0.97735	0.20103	-0.06607	-0.20208	0.97932	-0.00946	0.06281	0.02260	0.99777	-059.3221	-038.7335	795.3739	0.95063	0.29670	-0.09094	-0.29796	0.95458	-0.00032	0.08672	0.02740	0.99586	-015.3596	-058.4670	797.8441	0.90155	0.42884	-0.05749	-0.42709	0.90330	0.04052	0.06931	-0.01198	0.99752	027.6031	-084.4595	801.1690	0.82988	0.54842	-0.10261	-0.55138	0.83425	-0.00065	0.08525	0.05712	0.99472	063.9136	-114.8521	803.3033	0.75325	0.65750	0.01750	-0.65768	0.75326	0.00752	-0.00824	-0.01718	0.99982	095.4406	-150.4351	805.3239	0.64429	0.76456	0.01854	-0.76397	0.64229	0.06181	0.03535	-0.05399	0.99792	
13	-147.8125	053.7068	714.5586	0.97389	0.01289	-0.22665	-0.01236	0.99992	0.00376	0.22668	-0.00086	0.97397	-256.7285	-000.8825	780.0047	-0.00891	0.99836	-0.05657	-0.99983	-0.00980	-0.01551	-0.01604	0.05642	0.99828	-204.9124	-011.9016	784.7169	0.99839	0.01465	-0.05487	-0.01438	0.99988	0.00536	0.05494	-0.00456	0.99848	-155.6488	-015.3080	787.8614	0.99408	0.09476	-0.05308	-0.09842	0.99259	-0.07120	0.04594	0.07600	0.99605	-107.6941	-024.5287	791.7464	0.97712	0.20039	-0.07126	-0.20185	0.97932	-0.01387	0.06700	0.02793	0.99736	-059.3125	-038.7211	794.8622	0.94984	0.29746	-0.09652	-0.30206	0.95258	-0.03687	0.08097	0.06417	0.99465	-015.3596	-058.4670	797.8492	0.90154	0.42884	-0.05773	-0.42708	0.90330	0.04064	0.06958	-0.01198	0.99750	027.6069	-084.4596	800.9724	0.83263	0.55312	-0.02784	-0.55210	0.83296	0.03707	0.04369	-0.01549	0.99892	063.9262	-114.8506	803.2172	0.75323	0.65720	0.02704	-0.65771	0.75206	0.04257	0.00764	-0.04985	0.99873	095.4517	-150.4474	804.5815	0.64602	0.76328	-0.00789	-0.76310	0.64604	0.01730	0.01830	-0.00516	0.99982	
14	-147.8128	053.7067	714.5586	0.97395	0.01290	-0.22640	-0.01239	0.99992	0.00368	0.22642	-0.00078	0.97403	-256.5947	-000.8484	779.5424	-0.00682	0.99743	-0.07136	-0.99976	-0.00828	-0.02017	-0.02071	0.07120	0.99725	-204.9124	-011.9016	784.7169	0.99835	0.01473	-0.05546	-0.01445	0.99988	0.00537	0.05553	-0.00456	0.99845	-155.6516	-015.3121	787.8901	0.99352	0.09663	-0.05989	-0.09969	0.99374	-0.05035	0.05465	0.05600	0.99693	-107.6933	-024.5279	791.7372	0.97725	0.20070	-0.06853	-0.20177	0.97939	-0.00895	0.06532	0.02257	0.99761	-059.3125	-038.7211	794.8622	0.94984	0.29746	-0.09652	-0.30206	0.95258	-0.03687	0.08097	0.06417	0.99465	-015.3627	-058.4636	797.7938	0.90097	0.42989	-0.05871	-0.42829	0.90283	0.03826	0.06945	-0.00933	0.99754	027.5550	-084.4737	800.1943	0.83600	0.54861	0.01084	-0.53189	0.80534	0.26177	0.13488	-0.22461	0.96507	063.9312	-114.7771	801.4885	0.75174	0.65747	-0.05114	-0.65924	0.75122	-0.03276	0.01688	0.05834	0.99815	095.4517	-150.4474	804.3080	0.64602	0.76328	-0.00789	-0.76310	0.64604	0.01730	0.01830	-0.00516	0.99982	
15	-147.8126	053.7065	714.5581	0.97394	0.01292	-0.22645	-0.01243	0.99992	0.00358	0.22648	-0.00067	0.97402	-256.6075	-000.8480	779.4854	-0.00991	0.99305	-0.11723	-0.99963	-0.01282	-0.02406	-0.02540	0.11695	0.99281	-204.9121	-011.9022	784.7174	0.99834	0.01607	-0.05539	-0.01543	0.99981	0.01212	0.05557	-0.01124	0.99839	-155.6529	-015.3080	787.8839	0.99365	0.09672	-0.05749	-0.09937	0.99402	-0.04521	0.05278	0.05064	0.99732	-107.6993	-024.5843	790.9222	0.97777	0.20821	-0.02496	-0.20951	0.97497	-0.07444	0.00884	0.07801	0.99691	-059.3106	-038.7090	794.7457	0.94964	0.29596	-0.10290	-0.30260	0.95147	-0.05595	0.08135	0.08427	0.99312	-015.3645	-058.4569	797.7299	0.90119	0.42965	-0.05707	-0.42867	0.90300	0.02894	0.06397	-0.00161	0.99795	027.6593	-084.4379	800.5324	0.82926	0.52418	-0.19383	-0.55874	0.78492	-0.26778	0.01178	0.33036	0.94378	063.9311	-114.7649	801.8509	0.75237	0.65191	-0.09457	-0.65549	0.75515	-0.00926	0.06537	0.06896	0.99548	095.4726	-150.4458	803.8054	0.64764	0.74575	0.15627	-0.76114	0.64263	0.08767	-0.03504	-0.17572	0.98382	
16	-147.8124	053.7067	714.5549	0.97383	0.01263	-0.22694	-0.01243	0.99992	0.00234	0.22695	0.00054	0.97391	-256.7262	-000.8840	780.0030	-0.01011	0.99728	-0.07301	-0.99988	-0.01096	-0.01122	-0.01199	0.07289	0.99727	-204.9120	-011.9022	784.7144	0.99834	0.01596	-0.05540	-0.01531	0.99981	0.01210	0.05558	-0.01123	0.99839	-155.6532	-015.3057	787.8875	0.99407	0.09682	-0.04948	-0.09916	0.99395	-0.04720	0.04461	0.05183	0.99766	-107.7016	-024.4056	792.6442	0.97806	0.19008	-0.08528	-0.19170	0.98139	-0.01116	0.08157	0.02726	0.99629	-059.3097	-038.7634	794.8744	0.95216	0.30446	-0.02655	-0.30283	0.95161	0.05224	0.04117	-0.04171	0.99828	-015.3645	-058.4569	797.7299	0.90119	0.42965	-0.05707	-0.42867	0.90300	0.02894	0.06397	-0.00161	0.99795	027.6534	-084.4432	800.7121	0.82941	0.54183	-0.13601	-0.55726	0.81955	-0.13337	0.03920	0.18641	0.98169	063.9292	-114.7721	802.0393	0.75328	0.65577	-0.05045	-0.65614	0.75456	0.01104	0.04531	0.02479	0.99867	095.4726	-150.4458	803.8054	0.64920	0.74440	0.15624	-0.75981	0.64414	0.08812	-0.03504	-0.17592	0.98378	
17	-147.8134	053.7066	714.5589	0.97390	0.01306	-0.22658	-0.01245	0.99991	0.00413	0.22662	-0.00120	0.97398	-256.7210	-000.8819	780.0196	-0.00731	0.99710	-0.07575	-0.99938	-0.00990	-0.03388	-0.03453	0.07545	0.99655	-204.9122	-011.9027	784.7172	0.99870	0.01608	-0.04834	-0.01508	0.99967	0.02097	0.04866	-0.02022	0.99861	-155.6522	-015.3208	787.8219	0.99393	0.09834	-0.04929	-0.10128	0.99298	-0.06114	0.04293	0.06576	0.99691	-107.6990	-024.4612	792.3880	0.97699	0.21012	-0.03657	-0.20733	0.97588	0.06829	0.05003	-0.05913	0.99700	-059.3097	-038.7634	794.8744	0.95274	0.30367	-0.00784	-0.30301	0.95186	0.04629	0.02152	-0.04173	0.99890	-015.3654	-058.4574	797.8006	0.90092	0.42964	-0.06128	-0.42851	0.90300	0.03118	0.06873	-0.00183	0.99763	027.6337	-084.4765	801.5125	0.83282	0.54974	-0.06485	-0.55283	0.83198	-0.04682	0.02821	0.07485	0.99680	063.9169	-114.8131	803.0408	0.75307	0.65639	-0.04520	-0.65708	0.75382	-0.00056	0.03371	0.03012	0.99898	095.3925	-150.4569	804.1044	0.65496	0.70962	0.25975	-0.75504	0.60058	0.26310	0.03070	-0.36844	0.92914	
18	-147.8135	053.7072	714.5580	0.97378	0.01264	-0.22712	-0.01244	0.99992	0.00232	0.22714	0.00056	0.97386	-256.7022	-000.8879	779.9350	-0.00930	0.99695	-0.07752	-0.99966	-0.01116	-0.02370	-0.02449	0.07727	0.99671	-204.9124	-011.9035	784.7317	0.99806	0.01588	-0.06026	-0.01500	0.99977	0.01503	0.06048	-0.01410	0.99807	-155.6555	-015.1551	788.6258	0.99404	0.08464	-0.06869	-0.08339	0.99630	0.02082	0.07020	-0.01497	0.99742	-107.6996	-024.4908	792.2869	0.97696	0.21026	-0.03669	-0.20750	0.97590	0.06754	0.05001	-0.05837	0.99704	-059.3109	-038.7737	794.8625	0.95273	0.30355	0.01277	-0.30375	0.95072	0.06226	0.00676	-0.06319	0.99798	-015.3669	-058.4603	797.8391	0.90123	0.42939	-0.05831	-0.42835	0.90312	0.02993	0.06551	-0.00200	0.99785	027.6112	-084.4988	801.3838	0.82757	0.53363	-0.17428	-0.55299	0.82837	-0.08947	0.09663	0.17042	0.98062	063.9221	-114.8431	803.4499	0.75231	0.65773	0.03771	-0.65879	0.75054	0.05192	0.00585	-0.06390	0.99794	095.3465	-150.5744	805.1960	0.62505	0.58065	-0.52169	-0.77841	0.51356	-0.36103	0.05829	0.63175	0.77298	
19	-147.8135	053.7071	714.5659	0.97375	0.01274	-0.22727	-0.01243	0.99992	0.00277	0.22729	0.00013	0.97383	-256.6361	-000.8494	779.6339	-0.01451	0.99762	-0.06740	-0.99955	-0.01270	0.02730	0.02638	0.06776	0.99735	-204.9125	-011.9034	784.7317	0.99814	0.01605	-0.05878	-0.01519	0.99977	0.01502	0.05900	-0.01410	0.99816	-155.6623	-015.2819	788.1394	0.99479	0.09879	-0.02508	-0.09912	0.99500	-0.01189	0.02378	0.01432	0.99961	-107.6965	-024.5102	792.1913	0.97539	0.20430	-0.08292	-0.20281	0.97887	0.02609	0.08650	-0.00863	0.99621	-059.3120	-038.7838	794.8500	0.95242	0.30297	0.03337	-0.30470	0.94924	0.07817	-0.00799	-0.08462	0.99638	-015.3674	-058.4624	797.8935	0.90096	0.42969	-0.06036	-0.42830	0.90296	0.03499	0.06954	-0.00567	0.99756	027.5433	-084.5365	800.4593	0.82658	0.55782	-0.07492	-0.56202	0.82517	-0.05679	0.03014	0.08905	0.99557	063.9204	-114.8426	803.3379	0.75279	0.65816	-0.01138	-0.65782	0.75280	0.02368	0.02415	-0.01034	0.99965	095.3652	-150.4623	804.1574	0.65489	0.72259	0.22133	-0.75341	0.60135	0.26600	0.05911	-0.34095	0.93822	
20	-147.8146	053.7071	714.5739	0.97383	0.01290	-0.22692	-0.01242	0.99992	0.00352	0.22694	-0.00061	0.97391	-256.6122	-000.8545	779.5658	-0.00778	0.99745	-0.07092	-0.99992	-0.00845	-0.00915	-0.00973	0.07084	0.99744	-204.9126	-011.9037	784.7357	0.99769	0.01553	-0.06615	-0.01498	0.99985	0.00882	0.06628	-0.00781	0.99777	-155.6565	-015.3037	787.7181	0.99416	0.10162	-0.03620	-0.10288	0.99408	-0.03484	0.03245	0.03836	0.99874	-107.6941	-024.5109	791.6518	0.97934	0.20221	-0.00048	-0.20211	0.97879	-0.03339	-0.00628	0.03280	0.99944	-059.3105	-038.7762	794.9132	0.95189	0.30554	-0.02344	-0.30404	0.95122	0.05232	0.03829	-0.04267	0.99836	-015.3674	-058.4624	797.8935	0.90099	0.42968	-0.05992	-0.42831	0.90296	0.03478	0.06905	-0.00567	0.99760	027.5574	-084.5169	799.8725	0.83219	0.55428	-0.01519	-0.55060	0.82928	0.09554	0.06555	-0.07114	0.99531	063.9251	-114.8235	802.3825	0.75268	0.65734	-0.03702	-0.65764	0.75331	0.00512	0.03126	0.02049	0.99930	095.4366	-150.4588	804.1034	0.64897	0.75880	0.05530	-0.76049	0.64486	0.07618	0.02214	-0.09150	0.99556	
21	-147.8238	053.7060	714.5792	0.97400	0.01285	-0.22619	-0.01236	0.99992	0.00357	0.22621	-0.00069	0.97408	-256.6392	-000.8597	779.5833	-0.01458	0.99698	-0.07627	-0.99976	-0.01330	0.01720	0.01613	0.07650	0.99694	-205.1391	-012.7067	784.7195	0.99815	0.03601	-0.04894	-0.03570	0.99934	0.00726	0.04917	-0.00550	0.99878	-156.1645	-017.6867	787.8581	0.99046	0.13553	-0.02479	-0.13535	0.99076	0.00863	0.02574	-0.00519	0.99966	-108.7073	-028.9115	791.7176	0.96648	0.24490	-0.07704	-0.24634	0.96914	-0.00969	0.07229	0.02834	0.99698	-061.1007	-045.4082	794.8955	0.93509	0.34613	-0.07622	-0.34549	0.93817	0.02179	0.07905	0.00596	0.99685	-018.0951	-067.1477	798.1401	0.87966	0.46925	-0.07743	-0.47018	0.88254	0.00688	0.07157	0.03035	0.99697	023.9523	-094.8297	800.6660	0.81208	0.57609	-0.09302	-0.58217	0.81075	-0.06131	0.04010	0.10394	0.99378	059.5172	-126.2831	802.8196	0.73954	0.66989	0.06577	-0.67308	0.73682	0.06365	-0.00582	-0.09134	0.99580	090.7280	-162.4210	804.5783	0.64034	0.76763	0.02657	-0.76775	0.63863	0.05206	0.02300	-0.05373	0.99829	
22	-147.8241	053.7064	714.5793	0.97408	0.01296	-0.22582	-0.01241	0.99992	0.00386	0.22585	-0.00095	0.97416	-256.6008	-000.8484	779.4515	-0.00661	0.99606	-0.08846	-0.99979	-0.00828	-0.01852	-0.01918	0.08832	0.99591	-205.1391	-012.7068	784.7195	0.99814	0.03573	-0.04948	-0.03542	0.99935	0.00726	0.04971	-0.00550	0.99875	-156.1638	-017.6881	787.8680	0.99042	0.13577	-0.02526	-0.13559	0.99073	0.00895	0.02624	-0.00544	0.99964	-108.7066	-028.9121	791.7275	0.96692	0.24497	-0.07112	-0.24577	0.96932	-0.00264	0.06829	0.02004	0.99746	-061.1010	-045.4082	794.8955	0.93509	0.34613	-0.07622	-0.34549	0.93817	0.02179	0.07905	0.00596	0.99685	-018.0908	-067.1462	797.7332	0.88169	0.46931	-0.04870	-0.46942	0.88292	0.00990	0.04765	0.01413	0.99876	023.9140	-094.8067	800.0082	0.81214	0.58346	-0.00064	-0.57750	0.80399	0.14173	0.08321	-0.11474	0.98990	059.5164	-126.2859	802.4020	0.73809	0.66929	-0.08523	-0.67323	0.73891	-0.02766	0.04446	0.07780	0.99598	090.7280	-162.4210	804.2602	0.64034	0.76763	0.02657	-0.76775	0.63863	0.05206	0.02300	-0.05373	0.99829	
23	-147.8245	053.7067	714.5823	0.97408	0.01301	-0.22581	-0.01246	0.99991	0.00388	0.22584	-0.00097	0.97416	-256.5963	-000.8492	779.4379	-0.01048	0.99482	-0.10115	-0.99993	-0.01102	-0.00478	-0.00587	0.10109	0.99486	-205.1387	-012.7070	784.7151	0.99808	0.03593	-0.05055	-0.03567	0.99935	0.00604	0.05073	-0.00423	0.99870	-156.1646	-017.6887	787.8826	0.99030	0.13629	-0.02709	-0.13588	0.99059	0.01658	0.02910	-0.01273	0.99950	-108.7075	-028.9127	791.7309	0.96695	0.24472	-0.07154	-0.24566	0.96935	-0.00456	0.06823	0.02199	0.99743	-061.1002	-045.4082	794.8624	0.93563	0.34567	-0.07149	-0.34610	0.93818	0.00671	0.06939	0.01847	0.99742	-018.0896	-067.1462	797.7332	0.88169	0.46931	-0.04870	-0.46942	0.88292	0.00990	0.04765	0.01413	0.99876	023.8525	-094.8558	799.8882	0.81634	0.56821	0.10357	-0.56662	0.75312	0.33430	0.11195	-0.33159	0.93676	059.4814	-126.2976	802.3045	0.74686	0.66094	0.07326	-0.66262	0.73040	0.16569	0.05600	-0.17229	0.98345	090.7298	-162.4108	803.4034	0.64140	0.76586	0.04550	-0.76693	0.63844	0.06492	0.02067	-0.07653	0.99685	
24	-147.8248	053.7073	714.5856	0.97399	0.01290	-0.22624	-0.01241	0.99992	0.00357	0.22627	-0.00067	0.97406	-256.6649	-000.8451	779.7156	-0.01619	0.99878	-0.04658	-0.99897	-0.01419	0.04300	0.04228	0.04723	0.99799	-205.1383	-012.7073	784.7107	0.99802	0.03612	-0.05145	-0.03592	0.99934	0.00482	0.05159	-0.00296	0.99866	-156.1646	-017.6885	787.8453	0.99045	0.13558	-0.02521	-0.13550	0.99077	0.00491	0.02564	-0.00145	0.99967	-108.7085	-028.9126	791.6990	0.96727	0.24524	-0.06513	-0.24555	0.96938	0.00332	0.06395	0.01278	0.99787	-061.1018	-045.4094	794.8390	0.93533	0.34746	-0.06652	-0.34749	0.93761	0.01159	0.06640	0.01227	0.99772	-018.0896	-067.1448	797.5797	0.88176	0.47014	-0.03827	-0.46911	0.88252	0.03301	0.04929	-0.01116	0.99872	023.7770	-094.9288	799.8269	0.82499	0.52801	0.20146	-0.54807	0.66054	0.51313	0.13786	-0.53375	0.83433	059.5356	-126.2702	802.0052	0.73322	0.67131	-0.10827	-0.67942	0.71673	-0.15714	-0.02789	0.18878	0.98162	090.7345	-162.4062	803.1496	0.64087	0.75681	0.12853	-0.76765	0.63158	0.10870	0.00109	-0.16833	0.98573	
25	-147.8248	053.7072	714.5860	0.97388	0.01270	-0.22670	-0.01249	0.99992	0.00233	0.22671	0.00056	0.97396	-256.6604	-000.8692	779.8594	-0.00708	0.99910	-0.04171	-0.99988	-0.00764	-0.01333	-0.01364	0.04161	0.99904	-205.1378	-012.7075	784.7063	0.99797	0.03631	-0.05236	-0.03617	0.99934	0.00360	0.05245	-0.00169	0.99862	-156.1654	-017.6881	787.8474	0.99065	0.13502	-0.01967	-0.13503	0.99084	0.00107	0.01964	0.00159	0.99981	-108.7094	-028.9136	791.7097	0.96699	0.24505	-0.06992	-0.24553	0.96939	0.00169	0.06819	0.01553	0.99755	-061.1018	-045.4098	794.8384	0.93547	0.34708	-0.06657	-0.34711	0.93775	0.01145	0.06640	0.01240	0.99772	-018.0910	-067.1443	797.5906	0.88205	0.46981	-0.03550	-0.46917	0.88275	0.02504	0.04311	-0.00543	0.99906	023.7971	-094.9198	799.9442	0.81677	0.56982	0.09048	-0.56564	0.75992	0.32026	0.11373	-0.31276	0.94300	059.5461	-126.2817	802.6898	0.73658	0.67602	0.02107	-0.67630	0.73581	0.03463	0.00791	-0.03976	0.99918	090.7248	-162.4023	803.2628	0.64261	0.76425	-0.05444	-0.76571	0.64311	-0.01017	0.02723	0.04822	0.99847	
26	-147.8253	053.7075	714.5864	0.97404	0.01302	-0.22599	-0.01252	0.99991	0.00366	0.22602	-0.00074	0.97412	-256.7074	-000.8426	779.9959	-0.01323	0.99756	-0.06861	-0.99990	-0.01283	0.00634	0.00544	0.06869	0.99762	-205.1374	-012.7077	784.7018	0.99791	0.03649	-0.05326	-0.03642	0.99933	0.00237	0.05331	-0.00043	0.99858	-156.1646	-017.6887	787.8454	0.99049	0.13529	-0.02500	-0.13522	0.99081	0.00447	0.02537	-0.00104	0.99968	-108.7086	-028.9145	791.7126	0.96723	0.24440	-0.06885	-0.24539	0.96941	-0.00610	0.06525	0.02279	0.99761	-061.1024	-045.4118	794.8641	0.93538	0.34629	-0.07168	-0.34677	0.93793	0.00603	0.06932	0.01921	0.99741	-018.0909	-067.1461	797.6652	0.88182	0.47004	-0.03806	-0.46903	0.88258	0.03267	0.04895	-0.01096	0.99874	023.9086	-094.8762	800.8234	0.81480	0.57248	-0.09143	-0.57830	0.81371	-0.05872	0.04078	0.10072	0.99408	059.5275	-126.2821	802.7879	0.73771	0.67496	0.01430	-0.67499	0.73699	0.03522	0.01324	-0.03563	0.99928	090.7433	-162.4189	804.2416	0.63820	0.74792	0.18252	-0.76939	0.62801	0.11680	-0.02727	-0.21497	0.97624	
27	-147.8251	053.7075	714.5841	0.97406	0.01304	-0.22591	-0.01250	0.99991	0.00385	0.22594	-0.00092	0.97414	-256.7578	-000.8130	780.1306	-0.01989	0.99525	-0.09533	-0.99951	-0.01747	0.02613	0.02434	0.09581	0.99510	-205.1354	-012.7073	784.6924	0.99777	0.03606	-0.05614	-0.03620	0.99934	-0.00148	0.05605	0.00351	0.99842	-156.1635	-017.6877	787.8377	0.99080	0.13378	-0.02027	-0.13388	0.99099	-0.00365	0.01960	0.00634	0.99979	-108.7096	-028.9154	791.7191	0.96691	0.24452	-0.07281	-0.24560	0.96935	-0.00604	0.06910	0.02373	0.99733	-061.1032	-045.4142	794.8542	0.93619	0.34718	-0.05487	-0.34665	0.93780	0.01931	0.05816	0.00094	0.99831	-018.0909	-067.1472	797.6841	0.88186	0.46999	-0.03777	-0.46903	0.88261	0.03167	0.04822	-0.01021	0.99878	023.8095	-094.9115	799.9892	0.81689	0.56837	0.09822	-0.56602	0.75718	0.32604	0.11094	-0.32194	0.94024	059.5279	-126.2796	802.2752	0.73537	0.67350	-0.07507	-0.67730	0.73409	-0.04878	0.02226	0.08672	0.99598	090.7420	-162.4217	804.0498	0.63672	0.76402	-0.10419	-0.76916	0.63886	-0.01578	0.05451	0.09019	0.99443	
28	-147.8253	053.7083	714.5813	0.97388	0.01286	-0.22669	-0.01257	0.99992	0.00275	0.22670	0.00017	0.97396	-256.7307	-000.8577	780.0756	-0.00730	0.99852	-0.05391	-0.99965	-0.00866	-0.02502	-0.02545	0.05371	0.99823	-205.1359	-012.7074	784.6896	0.99815	0.03708	-0.04825	-0.03663	0.99928	0.01002	0.04858	-0.00823	0.99879	-156.1507	-017.7507	787.0747	0.98982	0.14182	-0.01241	-0.14213	0.97951	-0.14268	-0.00808	0.14299	0.98969	-108.7102	-028.9160	791.7023	0.96720	0.24420	-0.06996	-0.24564	0.96928	-0.01264	0.06473	0.02941	0.99747	-061.1032	-045.4148	794.8132	0.93619	0.34755	-0.05242	-0.34689	0.93766	0.02154	0.05664	-0.00198	0.99839	-018.0909	-067.1472	797.6841	0.88186	0.46999	-0.03777	-0.46903	0.88261	0.03167	0.04822	-0.01021	0.99878	023.8447	-094.8766	799.9519	0.81445	0.57843	0.04580	-0.57439	0.79255	0.20480	0.08216	-0.19311	0.97773	059.5279	-126.2796	802.2752	0.73537	0.67350	-0.07507	-0.67730	0.73409	-0.04878	0.02226	0.08672	0.99598	090.7600	-162.3630	802.4931	0.63775	0.72311	-0.26530	-0.76858	0.62008	-0.15744	0.05066	0.30431	0.95122	
29	-147.8255	053.7089	714.5884	0.97400	0.01304	-0.22619	-0.01259	0.99991	0.00343	0.22621	-0.00049	0.97408	-256.7418	-000.8666	780.1154	-0.00450	0.99891	-0.04649	-0.99915	-0.00639	-0.04067	-0.04093	0.04627	0.99809	-205.1360	-012.7068	784.6829	0.99807	0.03629	-0.05042	-0.03623	0.99934	0.00208	0.05046	-0.00025	0.99873	-156.1625	-017.4252	788.9716	0.99001	0.11679	0.07901	-0.13347	0.95687	0.25804	-0.04546	-0.26601	0.96290	-108.7104	-028.9152	791.6765	0.96718	0.24379	-0.07163	-0.24548	0.96927	-0.01567	0.06561	0.03274	0.99731	-061.1039	-045.4145	794.7930	0.93610	0.34707	-0.05712	-0.34709	0.93778	0.00976	0.05695	0.01069	0.99832	-018.0911	-067.1469	797.6759	0.88190	0.46994	-0.03742	-0.46905	0.88265	0.03036	0.04730	-0.00922	0.99884	023.8447	-094.8766	799.9519	0.81447	0.57841	0.04560	-0.57433	0.79256	0.20494	0.08240	-0.19310	0.97771	059.5127	-126.2740	801.6425	0.73623	0.67643	-0.02006	-0.67656	0.73638	0.00005	0.01480	0.01353	0.99980	090.7572	-162.3618	802.7649	0.63850	0.76704	0.06304	-0.76796	0.62961	0.11756	0.05048	-0.12347	0.99106	
30	-147.8249	053.7091	714.5882	0.97394	0.01280	-0.22643	-0.01255	0.99992	0.00254	0.22644	0.00036	0.97402	-256.7528	-000.8755	780.1551	-0.00182	0.99924	-0.03902	-0.99841	-0.00402	-0.05630	-0.05641	0.03886	0.99765	-205.1358	-012.7065	784.6752	0.99808	0.03618	-0.05019	-0.03640	0.99933	-0.00340	0.05004	0.00522	0.99873	-156.1538	-017.5502	788.0992	0.98769	0.13083	-0.08577	-0.13895	0.98557	-0.09664	0.07189	0.10737	0.99162	-108.7112	-028.9154	791.6860	0.96710	0.24438	-0.07066	-0.24552	0.96936	-0.00786	0.06658	0.02495	0.99747	-061.1039	-045.4145	794.7761	0.93643	0.34624	-0.05665	-0.34628	0.93808	0.00940	0.05640	0.01081	0.99835	-018.0910	-067.1458	797.6377	0.88188	0.46975	-0.04030	-0.46895	0.88278	0.02787	0.04867	-0.00568	0.99880	023.8625	-094.8616	799.9752	0.81393	0.58031	0.02759	-0.57587	0.79959	0.17036	0.07680	-0.15455	0.98500	059.5213	-126.2802	802.0342	0.73677	0.67552	0.02900	-0.67612	0.73643	0.02309	-0.00576	-0.03662	0.99931	090.7434	-162.3544	802.8530	0.64031	0.76624	-0.05375	-0.76659	0.64188	0.01811	0.04838	0.02961	0.99839	
31	-147.8237	053.7076	714.5773	0.97403	0.01342	-0.22604	-0.01246	0.99991	0.00570	0.22609	-0.00274	0.97410	-256.6189	-000.8203	779.6570	-0.00659	0.99524	-0.09727	-0.99978	-0.00847	-0.01896	-0.01969	0.09712	0.99508	-205.9021	-015.0279	785.0421	0.98964	0.10139	-0.10168	-0.09828	0.99454	0.03511	0.10468	-0.02476	0.99420	-157.9086	-024.3982	787.5234	0.97105	0.23497	-0.04292	-0.23684	0.97049	-0.04525	0.03102	0.05410	0.99805	-112.5047	-041.3919	791.3646	0.92658	0.36820	-0.07668	-0.37028	0.92881	-0.01442	0.06591	0.04175	0.99695	-067.7972	-064.3410	794.1698	0.87677	0.47149	-0.09475	-0.47607	0.87882	-0.03224	0.06807	0.07338	0.99498	-028.1448	-091.8660	796.6321	0.80941	0.58359	-0.06546	-0.58505	0.81098	-0.00401	0.05075	0.04154	0.99785	010.4549	-124.6421	798.8507	0.74202	0.66971	-0.03005	-0.66915	0.74263	0.02740	0.04067	-0.00022	0.99917	043.3673	-159.4084	800.5495	0.68379	0.72881	-0.03552	-0.72958	0.68368	-0.01702	0.01188	0.03755	0.99922	073.4206	-197.4105	802.1608	0.63434	0.74188	-0.21730	-0.77175	0.59142	-0.23373	-0.04488	0.31597	0.94771	
32	-147.8237	053.7070	714.5799	0.97411	0.01336	-0.22567	-0.01243	0.99991	0.00552	0.22573	-0.00257	0.97419	-256.6273	-000.8228	779.6597	-0.01498	0.99672	-0.07951	-0.99971	-0.01343	0.01992	0.01878	0.07978	0.99664	-205.9021	-015.0279	785.0421	0.98964	0.10139	-0.10168	-0.09828	0.99454	0.03511	0.10468	-0.02476	0.99420	-157.9088	-024.3984	787.5259	0.97101	0.23487	-0.04454	-0.23685	0.97046	-0.04588	0.03244	0.05510	0.99795	-112.5067	-041.3922	791.3689	0.92659	0.36833	-0.07592	-0.37054	0.92866	-0.01694	0.06426	0.04383	0.99697	-067.7981	-064.3414	794.1824	0.87699	0.47265	-0.08650	-0.47584	0.87931	-0.01967	0.06677	0.05841	0.99606	-028.1457	-091.8621	796.5985	0.80886	0.58187	-0.08466	-0.58512	0.81074	-0.01814	0.05808	0.06421	0.99624	010.4556	-124.6370	798.8615	0.74058	0.67016	-0.04938	-0.67039	0.74187	0.01407	0.04607	0.02268	0.99868	043.3658	-159.4130	800.5607	0.68339	0.72882	-0.04244	-0.72988	0.68335	-0.01780	0.01603	0.04313	0.99894	073.4185	-197.4676	802.3091	0.64237	0.70009	-0.31181	-0.76348	0.54915	-0.33989	-0.06673	0.45640	0.88727	
33	-147.8250	053.7077	714.5923	0.97406	0.01325	-0.22592	-0.01244	0.99991	0.00504	0.22596	-0.00210	0.97413	-256.6097	-000.8533	779.6466	-0.00322	0.99044	-0.13788	-0.99888	-0.00969	-0.04627	-0.04716	0.13758	0.98937	-205.8292	-015.1871	784.5148	0.99462	0.10355	-0.00271	-0.10357	0.99457	-0.01046	0.00161	0.01069	0.99994	-157.9089	-024.3984	787.5284	0.97096	0.23477	-0.04615	-0.23685	0.97043	-0.04652	0.03386	0.05610	0.99785	-112.5067	-041.3923	791.3639	0.92663	0.36825	-0.07586	-0.37045	0.92870	-0.01680	0.06426	0.04366	0.99698	-067.7989	-064.3408	794.1843	0.87607	0.47113	-0.10264	-0.47627	0.87872	-0.03178	0.07521	0.07673	0.99421	-028.1468	-091.8636	796.6848	0.80684	0.58354	-0.09211	-0.58615	0.81020	-0.00158	0.07371	0.05526	0.99575	010.4562	-124.6333	798.9129	0.74109	0.67022	-0.03985	-0.67006	0.74206	0.01921	0.04245	0.01247	0.99902	043.3643	-159.4164	800.5950	0.68356	0.72887	-0.03857	-0.72978	0.68344	-0.01824	0.01307	0.04062	0.99909	073.5105	-197.3556	802.2178	0.62286	0.77527	-0.10491	-0.78192	0.62128	-0.05113	0.02554	0.11387	0.99317	
34	-147.8245	053.7081	714.5818	0.97402	0.01313	-0.22607	-0.01239	0.99991	0.00466	0.22611	-0.00173	0.97410	-256.6306	-000.8533	779.7414	-0.00336	0.99453	-0.10443	-0.99905	-0.00787	-0.04277	-0.04336	0.10418	0.99361	-205.8482	-015.1945	784.3805	0.99158	0.11703	0.05553	-0.10884	0.98516	-0.13269	-0.07023	0.12553	0.98960	-157.9043	-024.5343	786.8779	0.96783	0.25160	-0.00312	-0.25074	0.96334	-0.09546	-0.02101	0.09317	0.99543	-112.5073	-041.3927	791.3557	0.92604	0.36792	-0.08420	-0.37066	0.92857	-0.01905	0.07117	0.04885	0.99627	-067.7987	-064.3409	794.1833	0.87620	0.47090	-0.10266	-0.47637	0.87850	-0.03614	0.07317	0.08057	0.99406	-028.1489	-091.8657	796.6753	0.80713	0.58352	-0.08966	-0.58607	0.81025	-0.00266	0.07110	0.05469	0.99597	010.4562	-124.6274	798.8649	0.74124	0.66979	-0.04410	-0.67003	0.74225	0.01114	0.04020	0.02129	0.99896	043.3635	-159.4165	800.5960	0.68348	0.72916	-0.03444	-0.72985	0.68347	-0.01402	0.01332	0.03472	0.99931	073.5105	-197.3020	802.1740	0.62286	0.77527	-0.10491	-0.78192	0.62128	-0.05113	0.02554	0.11387	0.99317	
35	-147.8256	053.7079	714.5866	0.97406	0.01323	-0.22590	-0.01241	0.99991	0.00506	0.22595	-0.00212	0.97414	-256.6240	-000.8485	779.7064	-0.00833	0.99724	-0.07375	-0.99989	-0.00923	-0.01196	-0.01261	0.07365	0.99720	-206.0512	-014.8217	785.9758	0.95989	0.09811	-0.26264	-0.06285	0.98823	0.13945	0.27323	-0.11735	0.95476	-157.9116	-024.5604	786.7643	0.96675	0.25547	0.01153	-0.25314	0.96240	-0.09855	-0.03627	0.09236	0.99507	-112.5077	-041.3927	791.3470	0.92673	0.36843	-0.07366	-0.37035	0.92879	-0.01396	0.06328	0.04022	0.99719	-067.7987	-064.3409	794.1833	0.87624	0.47091	-0.10219	-0.47628	0.87858	-0.03528	0.07317	0.07959	0.99414	-028.1532	-091.8655	796.6228	0.80704	0.58374	-0.08910	-0.58640	0.81001	-0.00467	0.06944	0.05602	0.99601	010.4562	-124.6281	798.8324	0.74124	0.66979	-0.04401	-0.67003	0.74225	0.01124	0.04020	0.02115	0.99897	043.3637	-159.4154	800.5638	0.68353	0.72908	-0.03509	-0.72979	0.68354	-0.01350	0.01415	0.03483	0.99929	073.5114	-197.2962	802.1597	0.62211	0.77316	-0.12333	-0.78231	0.62011	-0.05875	0.03106	0.13303	0.99063	
36	-147.8260	053.7073	714.5875	0.97403	0.01317	-0.22604	-0.01237	0.99991	0.00495	0.22609	-0.00202	0.97411	-256.5976	-000.8475	779.5114	-0.00817	0.99550	-0.09438	-0.99985	-0.00957	-0.01448	-0.01532	0.09425	0.99543	-205.9349	-014.9120	785.1373	0.99499	0.09916	0.01244	-0.09993	0.98832	0.11505	-0.00089	-0.11572	0.99328	-157.9202	-024.5860	786.6508	0.96544	0.25932	0.02617	-0.25549	0.96145	-0.10167	-0.05152	0.09148	0.99447	-112.5076	-041.3922	791.3485	0.92635	0.36792	-0.08071	-0.37021	0.92883	-0.01496	0.06946	0.04373	0.99663	-067.7990	-064.3407	794.1683	0.87632	0.47170	-0.09780	-0.47625	0.87885	-0.02856	0.07248	0.07161	0.99480	-028.1534	-091.8673	796.6492	0.80676	0.58389	-0.09064	-0.58624	0.81014	0.00083	0.07391	0.05247	0.99588	010.4567	-124.6241	798.8002	0.74151	0.66875	-0.05421	-0.66975	0.74259	-0.00028	0.04007	0.03651	0.99853	043.3639	-159.4154	800.5606	0.68345	0.72928	-0.03254	-0.72988	0.68347	-0.01206	0.01344	0.03200	0.99940	073.5373	-197.2765	802.1359	0.62142	0.78008	-0.07284	-0.78287	0.62192	-0.01849	0.03088	0.06851	0.99717	
37	-147.8260	053.7076	714.5883	0.97396	0.01313	-0.22634	-0.01239	0.99991	0.00470	0.22638	-0.00177	0.97404	-256.6074	-000.8087	779.4433	-0.01335	0.99494	-0.09955	-0.99970	-0.01124	0.02168	0.02045	0.09981	0.99480	-205.9372	-015.0211	785.1568	0.98004	0.10389	-0.16948	-0.10063	0.99454	0.02768	0.17143	-0.01008	0.98514	-157.9189	-024.5240	786.5834	0.95787	0.28701	0.01026	-0.26715	0.90358	-0.33492	-0.10539	0.31807	0.94219	-112.5088	-041.3938	791.3782	0.92646	0.36786	-0.07972	-0.37005	0.92891	-0.01408	0.06888	0.04254	0.99672	-067.7998	-064.3408	794.1737	0.87690	0.47253	-0.08814	-0.47598	0.87918	-0.02211	0.06704	0.06134	0.99586	-028.1552	-091.8664	796.6770	0.80753	0.58448	-0.07919	-0.58592	0.81035	0.00615	0.06777	0.04143	0.99684	010.4567	-124.6241	798.8002	0.74151	0.66875	-0.05421	-0.66975	0.74259	-0.00028	0.04007	0.03651	0.99853	043.3651	-159.4170	800.6007	0.68347	0.72897	-0.03847	-0.72981	0.68350	-0.01420	0.01595	0.03778	0.99916	073.5373	-197.2765	802.1359	0.62142	0.78008	-0.07284	-0.78287	0.62192	-0.01849	0.03088	0.06851	0.99717	
