"#"	"COOLCARD X"	"COOLCARD Y"	"COOLCARD Z"	"COOLCARD R11"	"COOLCARD R12"	"COOLCARD R13"	"COOLCARD R21"	"COOLCARD R22"	"COOLCARD R23"	"COOLCARD R31"	"COOLCARD R32"	"COOLCARD R33"	"TR_0(1) X"	"TR_0(1) Y"	"TR_0(1) Z"	"TR_0(1) R11"	"TR_0(1) R12"	"TR_0(1) R13"	"TR_0(1) R21"	"TR_0(1) R22"	"TR_0(1) R23"	"TR_0(1) R31"	"TR_0(1) R32"	"TR_0(1) R33"	"TR_1 X"	"TR_1 Y"	"TR_1 Z"	"TR_1 R11"	"TR_1 R12"	"TR_1 R13"	"TR_1 R21"	"TR_1 R22"	"TR_1 R23"	"TR_1 R31"	"TR_1 R32"	"TR_1 R33"	"TR_2 X"	"TR_2 Y"	"TR_2 Z"	"TR_2 R11"	"TR_2 R12"	"TR_2 R13"	"TR_2 R21"	"TR_2 R22"	"TR_2 R23"	"TR_2 R31"	"TR_2 R32"	"TR_2 R33"	"TR_3 X"	"TR_3 Y"	"TR_3 Z"	"TR_3 R11"	"TR_3 R12"	"TR_3 R13"	"TR_3 R21"	"TR_3 R22"	"TR_3 R23"	"TR_3 R31"	"TR_3 R32"	"TR_3 R33"	"TR_4 X"	"TR_4 Y"	"TR_4 Z"	"TR_4 R11"	"TR_4 R12"	"TR_4 R13"	"TR_4 R21"	"TR_4 R22"	"TR_4 R23"	"TR_4 R31"	"TR_4 R32"	"TR_4 R33"	"TR_5 X"	"TR_5 Y"	"TR_5 Z"	"TR_5 R11"	"TR_5 R12"	"TR_5 R13"	"TR_5 R21"	"TR_5 R22"	"TR_5 R23"	"TR_5 R31"	"TR_5 R32"	"TR_5 R33"	"TR_7 X"	"TR_7 Y"	"TR_7 Z"	"TR_7 R11"	"TR_7 R12"	"TR_7 R13"	"TR_7 R21"	"TR_7 R22"	"TR_7 R23"	"TR_7 R31"	"TR_7 R32"	"TR_7 R33"	"TR_8 X"	"TR_8 Y"	"TR_8 Z"	"TR_8 R11"	"TR_8 R12"	"TR_8 R13"	"TR_8 R21"	"TR_8 R22"	"TR_8 R23"	"TR_8 R31"	"TR_8 R32"	"TR_8 R33"	"TR_6 X"	"TR_6 Y"	"TR_6 Z"	"TR_6 R11"	"TR_6 R12"	"TR_6 R13"	"TR_6 R21"	"TR_6 R22"	"TR_6 R23"	"TR_6 R31"	"TR_6 R32"	"TR_6 R33"	
1	-106.2582	055.0054	788.3305	0.96944	0.00793	-0.24520	-0.01089	0.99988	-0.01071	0.24508	0.01305	0.96941	-202.2990	-009.1123	846.2031	0.99992	0.00753	-0.01019	-0.00768	0.99987	-0.01410	0.01008	0.01418	0.99985	-150.4550	-010.4989	848.6833	0.99963	-0.00418	-0.02681	0.00553	0.99872	0.05037	0.02657	-0.05050	0.99837	-100.8798	-012.9304	851.1039	0.99702	0.07162	-0.02861	-0.07174	0.99742	-0.00320	0.02830	0.00524	0.99959	-052.4175	-019.5905	854.0156	0.98540	0.16902	-0.02026	-0.16841	0.98529	0.02903	0.02487	-0.02520	0.99937	-003.6060	-032.2004	856.3240	0.96380	0.26641	0.01056	-0.25184	0.89664	0.36416	0.08755	-0.35363	0.93128	040.8234	-050.5689	859.5774	0.91082	0.40551	-0.07729	-0.40553	0.91394	0.01607	0.07715	0.01670	0.99688	120.5991	-105.8231	864.5903	0.75917	0.64971	0.03925	-0.65083	0.75856	0.03167	-0.00920	-0.04959	0.99873	151.4635	-141.8875	867.5445	0.64582	0.73253	-0.21522	-0.75818	0.64850	-0.06785	0.08987	0.20700	0.97421	0 	 0	0	0 	 0	0	0 	 0	0	0 	 0	0	
2	-106.2582	055.0053	788.3264	0.96962	0.00830	-0.24448	-0.01092	0.99990	-0.00935	0.24438	0.01173	0.96961	-202.3014	-009.1096	846.1794	0.99997	0.00804	-0.00070	-0.00805	0.99989	-0.01250	0.00060	0.01251	0.99992	-150.4576	-010.4989	848.6833	0.99963	-0.00412	-0.02681	0.00547	0.99872	0.05037	0.02657	-0.05050	0.99837	-100.8785	-012.9324	851.1152	0.99697	0.07196	-0.02947	-0.07213	0.99738	-0.00475	0.02905	0.00686	0.99955	-052.4163	-019.5906	854.0250	0.98533	0.16923	-0.02226	-0.16870	0.98538	0.02364	0.02594	-0.01954	0.99947	-003.6060	-032.2004	856.3240	0.96380	0.26641	0.01056	-0.25184	0.89664	0.36416	0.08755	-0.35363	0.93128	040.8234	-050.5689	859.5774	0.91082	0.40551	-0.07729	-0.40553	0.91394	0.01607	0.07715	0.01670	0.99688	120.6193	-105.8454	865.9539	0.75692	0.65196	0.04500	-0.65306	0.75205	0.08906	0.02422	-0.09680	0.99501	151.6789	-141.8966	868.9932	0.63034	0.67824	0.37772	-0.77580	0.56823	0.27433	-0.02858	-0.46595	0.88435	084.1936	-075.7402	862.0146	0.84150	0.53672	-0.06167	-0.53735	0.84333	0.00738	0.05597	0.02693	0.99807	
3	-106.2580	055.0054	788.3335	0.96967	0.00811	-0.24428	-0.01090	0.99989	-0.01007	0.24418	0.01242	0.96965	-202.3042	-009.1070	846.1557	0.99988	0.00849	0.01265	-0.00835	0.99991	-0.01095	-0.01275	0.01084	0.99986	-150.4574	-010.4986	848.6791	0.99978	-0.00470	-0.02021	0.00565	0.99886	0.04732	0.01997	-0.04742	0.99868	-100.8761	-012.9341	851.1297	0.99707	0.07202	-0.02594	-0.07195	0.99740	0.00371	0.02614	-0.00183	0.99966	-052.3961	-019.6323	854.7776	0.98430	0.17195	-0.03975	-0.17029	0.98450	0.04193	0.04634	-0.03451	0.99833	-003.6060	-032.2004	856.3240	0.96380	0.26641	0.01056	-0.25184	0.89664	0.36416	0.08755	-0.35363	0.93128	040.8450	-050.6306	860.3094	0.90763	0.39902	-0.13036	-0.40544	0.91376	-0.02591	0.10878	0.07637	0.99113	120.6070	-105.8471	865.5814	0.75812	0.65159	0.02624	-0.65206	0.75690	0.04375	0.00864	-0.05028	0.99870	151.6030	-141.8851	867.8825	0.64726	0.76101	0.04383	-0.76175	0.64363	0.07398	0.02809	-0.08127	0.99630	084.2104	-075.7584	863.9173	0.84048	0.53788	-0.06539	-0.53334	0.84254	0.07535	0.09563	-0.02846	0.99501	
4	-106.2587	055.0052	788.3374	0.96962	0.00811	-0.24450	-0.01090	0.99989	-0.01008	0.24439	0.01243	0.96960	-202.3076	-009.1044	846.1322	0.99970	0.00894	0.02297	-0.00873	0.99992	-0.00937	-0.02305	0.00917	0.99969	-150.4574	-010.4991	848.6856	0.99992	-0.00496	-0.01157	0.00550	0.99886	0.04751	0.01133	-0.04757	0.99880	-100.8734	-012.9361	851.1414	0.99690	0.07208	-0.03144	-0.07210	0.99740	0.00036	0.03139	0.00190	0.99951	-052.4063	-019.6197	854.7545	0.97913	0.18499	-0.08422	-0.17042	0.97297	0.15583	0.11077	-0.13822	0.98419	-003.5692	-032.1950	857.3009	0.96171	0.26940	-0.05028	-0.26676	0.96228	0.05349	0.06279	-0.03803	0.99730	040.8530	-050.6486	860.4979	0.90866	0.41308	-0.06089	-0.40966	0.91018	0.06130	0.08074	-0.03076	0.99626	120.6107	-105.8534	865.7221	0.75781	0.65248	0.00145	-0.65180	0.75691	0.04737	0.02982	-0.03684	0.99888	151.5659	-141.8851	867.8825	0.64717	0.76125	0.04090	-0.76165	0.64335	0.07743	0.03263	-0.08126	0.99616	084.2031	-075.7542	863.5321	0.83927	0.54290	-0.02961	-0.54212	0.83974	0.03084	0.04161	-0.00983	0.99909	
5	-106.2586	055.0053	788.3366	0.96954	0.00767	-0.24483	-0.01091	0.99987	-0.01185	0.24470	0.01416	0.96949	0 	 0	0	0 	 0	0	0 	 0	0	0 	 0	0	-150.4573	-010.4993	848.6992	0.99981	-0.00428	-0.01907	0.00534	0.99842	0.05600	0.01880	-0.05610	0.99825	-100.8734	-012.9362	851.1414	0.99689	0.07220	-0.03144	-0.07223	0.99739	0.00037	0.03138	0.00190	0.99951	-052.4005	-019.6232	854.6600	0.98125	0.17645	-0.07760	-0.17194	0.98319	0.06148	0.08714	-0.04698	0.99509	-003.5692	-032.1950	857.3009	0.96195	0.26835	-0.05139	-0.26547	0.96246	0.05663	0.06466	-0.04083	0.99707	040.8439	-050.6217	860.3283	0.90963	0.40589	-0.08851	-0.40622	0.91365	0.01509	0.08699	0.02223	0.99596	120.6106	-105.8555	865.6898	0.75830	0.65176	0.01393	-0.65131	0.75652	0.05891	0.02786	-0.05375	0.99817	151.5634	-141.8679	867.6989	0.64968	0.76021	-0.00121	-0.75917	0.64887	0.05127	0.03976	-0.03239	0.99868	084.2015	-075.7451	863.3163	0.83841	0.54018	-0.07262	-0.54152	0.84068	0.00147	0.06184	0.03809	0.99736	
6	-106.2589	055.0061	788.3445	0.96955	0.00833	-0.24477	-0.01082	0.99990	-0.00885	0.24467	0.01123	0.96954	0 	 0	0	0 	 0	0	0 	 0	0	0 	 0	0	-150.4573	-010.4994	848.6992	0.99983	-0.00441	-0.01782	0.00540	0.99842	0.05591	0.01754	-0.05600	0.99828	-100.8716	-012.9380	851.1546	0.99694	0.07148	-0.03153	-0.07162	0.99743	-0.00346	0.03120	0.00571	0.99950	-052.4024	-019.6204	854.5304	0.98304	0.17337	-0.05980	-0.17110	0.98439	0.04114	0.06600	-0.03021	0.99736	-003.5874	-032.1922	857.3009	0.96206	0.26814	-0.05037	-0.26550	0.96263	0.05345	0.06283	-0.03805	0.99730	040.8439	-050.6217	860.3283	0.90963	0.40589	-0.08851	-0.40622	0.91365	0.01509	0.08699	0.02223	0.99596	120.6214	-105.8197	864.9026	0.76014	0.64496	0.07876	-0.64957	0.75724	0.06818	-0.01567	-0.10298	0.99456	151.5395	-141.8979	867.5642	0.64618	0.75767	0.09155	-0.76282	0.63753	0.10800	0.02346	-0.13962	0.98993	084.2015	-075.7451	863.3163	0.83841	0.54019	-0.07260	-0.54152	0.84068	0.00150	0.06184	0.03805	0.99736	
7	-106.2586	055.0061	788.3504	0.96981	0.00876	-0.24370	-0.01089	0.99991	-0.00739	0.24362	0.00982	0.96982	-202.2703	-009.3051	844.7594	0.99989	0.01431	-0.00288	-0.01444	0.99864	-0.05008	0.00216	0.05011	0.99874	-150.4574	-010.4991	848.7035	0.99987	-0.00501	-0.01519	0.00593	0.99813	0.06084	0.01485	-0.06093	0.99803	-100.8718	-012.9380	851.1546	0.99694	0.07148	-0.03153	-0.07162	0.99743	-0.00346	0.03120	0.00571	0.99950	-052.4050	-019.6185	854.4802	0.98321	0.17405	-0.05491	-0.17160	0.98407	0.04650	0.06213	-0.03630	0.99741	-003.5874	-032.1922	857.3009	0.96199	0.26840	-0.05036	-0.26576	0.96256	0.05347	0.06283	-0.03805	0.99730	040.8410	-050.6045	860.2493	0.91003	0.40329	-0.09593	-0.40510	0.91427	0.00069	0.08799	0.03823	0.99539	120.6175	-105.8391	864.5248	0.75844	0.65172	0.00562	-0.65106	0.75722	0.05228	0.02981	-0.04331	0.99862	151.5395	-141.8979	867.5642	0.64618	0.75767	0.09154	-0.76282	0.63753	0.10799	0.02346	-0.13961	0.98993	084.2010	-075.7179	862.9435	0.83447	0.53036	-0.14960	-0.54305	0.83756	-0.05985	0.09356	0.13118	0.98693	
8	-106.2590	055.0060	788.3533	0.96977	0.00902	-0.24384	-0.01094	0.99992	-0.00650	0.24376	0.00897	0.96979	-202.2875	-009.3188	844.9327	0.99986	0.01562	-0.00531	-0.01586	0.99864	-0.04959	0.00452	0.04966	0.99876	-150.4579	-010.4990	848.7083	0.99981	-0.00464	-0.01876	0.00572	0.99830	0.05796	0.01846	-0.05805	0.99814	-100.8703	-012.9388	851.1544	0.99689	0.07109	-0.03391	-0.07130	0.99744	-0.00479	0.03349	0.00720	0.99941	-052.4199	-019.6000	853.9136	0.98509	0.16943	0.02992	-0.17159	0.98023	0.09855	-0.01263	-0.10222	0.99468	-003.5874	-032.1922	857.3009	0.96199	0.26840	-0.05036	-0.26576	0.96256	0.05347	0.06283	-0.03805	0.99730	040.8254	-050.5219	859.8438	0.91175	0.38447	-0.14451	-0.39894	0.91266	-0.08884	0.09774	0.13865	0.98551	120.6065	-105.7626	863.3534	0.75886	0.64894	-0.05486	-0.65088	0.75859	-0.02998	0.02216	0.05846	0.99804	151.5415	-141.8836	867.4656	0.64592	0.75760	0.09398	-0.76307	0.63705	0.10908	0.02277	-0.14217	0.98958	084.2045	-075.6946	862.7874	0.83190	0.52373	-0.18343	-0.54492	0.83348	-0.09156	0.10493	0.17612	0.97876	
9	-106.2590	055.0058	788.3557	0.96982	0.00862	-0.24365	-0.01099	0.99990	-0.00838	0.24355	0.01081	0.96983	-202.2804	-009.3183	844.8683	0.99986	0.01646	-0.00430	-0.01665	0.99868	-0.04869	0.00349	0.04875	0.99880	-150.4616	-010.4987	848.7233	0.99987	-0.00446	-0.01520	0.00541	0.99798	0.06327	0.01489	-0.06334	0.99788	-100.8690	-012.9353	851.1491	0.99674	0.07130	-0.03773	-0.07161	0.99741	-0.00685	0.03715	0.00953	0.99926	-052.4253	-019.5881	853.9219	0.98510	0.17030	-0.02403	-0.16950	0.98500	0.03221	0.02915	-0.02766	0.99919	-003.5874	-032.1922	857.3009	0.96199	0.26840	-0.05036	-0.26576	0.96256	0.05347	0.06283	-0.03805	0.99730	040.8238	-050.4791	859.6880	0.91237	0.37740	-0.15857	-0.39696	0.91028	-0.11751	0.10000	0.17016	0.98033	120.6101	-105.7754	863.5830	0.75760	0.65163	0.03768	-0.65263	0.75531	0.05981	0.01052	-0.06990	0.99750	151.5440	-141.8843	867.3670	0.64565	0.75753	0.09642	-0.76332	0.63656	0.11016	0.02207	-0.14472	0.98923	084.1855	-075.6614	861.6249	0.84373	0.53554	-0.03635	-0.53550	0.84445	0.01146	0.03683	0.00979	0.99927	
10	-106.2591	055.0056	788.3585	0.96953	0.00838	-0.24482	-0.01100	0.99990	-0.00936	0.24471	0.01177	0.96952	-202.3574	-008.7772	847.0509	0.99681	-0.00094	-0.07979	0.00402	0.99925	0.03849	0.07970	-0.03869	0.99607	-150.4614	-010.4983	848.7026	0.99981	-0.00510	-0.01886	0.00622	0.99821	0.05954	0.01852	-0.05965	0.99805	-100.8691	-012.9351	851.1427	0.99677	0.07166	-0.03613	-0.07174	0.99742	-0.00097	0.03597	0.00356	0.99935	-052.4850	-019.7454	852.7009	0.98353	0.18019	0.01437	-0.17999	0.98357	-0.01420	-0.01669	0.01138	0.99980	0 	 0	0	0 	 0	0	0 	 0	0	0 	 0	0	040.8074	-050.5173	859.3673	0.91238	0.40096	-0.08237	-0.40349	0.91485	-0.01594	0.06897	0.04778	0.99647	120.6139	-105.7711	863.6299	0.75802	0.65065	0.04528	-0.65220	0.75560	0.06087	0.00539	-0.07568	0.99712	151.5904	-141.9013	866.4433	0.64583	0.75270	0.12787	-0.76341	0.63438	0.12153	0.01035	-0.17611	0.98432	084.1952	-075.6507	861.2745	0.84042	0.54102	-0.03154	-0.54139	0.84076	-0.00395	0.02438	0.02040	0.99949	
11	-083.3668	054.5202	790.1875	0.97714	0.00882	-0.21240	-0.01149	0.99987	-0.01134	0.21227	0.01352	0.97712	0 	 0	0	0 	 0	0	0 	 0	0	0 	 0	0	-125.7353	-011.4420	852.0494	0.99996	0.00429	0.00719	-0.00457	0.99920	0.03966	-0.00702	-0.03970	0.99919	-076.2037	-014.6078	852.5954	0.99609	0.08626	0.01913	-0.08711	0.99499	0.04905	-0.01480	-0.05052	0.99861	-027.8233	-022.1183	853.6207	0.98265	0.18538	-0.00514	-0.18537	0.98267	0.00231	0.00548	-0.00132	0.99998	020.8624	-035.5039	854.8222	0.95758	0.28522	-0.04111	-0.28459	0.95843	0.02072	0.04531	-0.00814	0.99894	065.1712	-054.5443	855.5516	0.90878	0.41542	-0.03929	-0.41437	0.90954	0.03218	0.04910	-0.01296	0.99871	144.7189	-110.4540	857.1298	0.75399	0.65487	0.05137	-0.65655	0.75379	0.02723	-0.02089	-0.05426	0.99831	175.3557	-146.8496	857.7816	0.65003	0.75917	-0.03339	-0.75926	0.65066	0.01250	0.03121	0.01723	0.99936	108.4297	-080.0380	856.4068	0.83931	0.54325	-0.02079	-0.54347	0.83940	-0.00646	0.01394	0.01672	0.99976	
12	-083.3685	054.5194	790.1840	0.97715	0.00902	-0.21236	-0.01149	0.99988	-0.01041	0.21224	0.01261	0.97714	0 	 0	0	0 	 0	0	0 	 0	0	0 	 0	0	-125.7353	-011.4420	852.0494	0.99996	0.00451	0.00720	-0.00480	0.99920	0.03967	-0.00701	-0.03970	0.99919	-076.2035	-014.6070	852.5986	0.99604	0.08648	0.02068	-0.08754	0.99450	0.05758	-0.01558	-0.05917	0.99813	-027.8233	-022.1179	853.6255	0.98274	0.18495	-0.00242	-0.18488	0.98261	0.01732	0.00558	-0.01657	0.99985	020.8621	-035.5039	854.8222	0.95758	0.28522	-0.04111	-0.28459	0.95843	0.02072	0.04531	-0.00814	0.99894	065.1708	-054.5432	855.5589	0.90891	0.41549	-0.03538	-0.41441	0.90945	0.03421	0.04639	-0.01643	0.99879	144.7161	-110.4540	857.1116	0.75411	0.65506	0.04693	-0.65649	0.75389	0.02607	-0.01830	-0.05047	0.99856	175.3557	-146.8496	857.7816	0.65031	0.75939	-0.02069	-0.75958	0.65041	-0.00234	0.01168	0.01724	0.99978	108.4298	-080.0380	856.4075	0.83930	0.54326	-0.02112	-0.54350	0.83938	-0.00729	0.01377	0.01759	0.99975	
13	-083.3669	054.5191	790.1722	0.97702	0.00883	-0.21295	-0.01143	0.99987	-0.01097	0.21283	0.01315	0.97700	0 	 0	0	0 	 0	0	0 	 0	0	0 	 0	0	-125.7351	-011.4405	852.0352	0.99992	0.00469	0.01137	-0.00514	0.99919	0.03995	-0.01117	-0.04000	0.99914	-076.2019	-014.6076	852.5835	0.99604	0.08578	0.02350	-0.08703	0.99446	0.05891	-0.01832	-0.06072	0.99799	-027.8233	-022.1179	853.6214	0.98274	0.18500	-0.00242	-0.18493	0.98260	0.01732	0.00558	-0.01657	0.99985	020.8610	-035.5063	854.8242	0.95756	0.28562	-0.03874	-0.28491	0.95828	0.02288	0.04366	-0.01087	0.99899	065.1706	-054.5434	855.5589	0.90891	0.41549	-0.03540	-0.41441	0.90945	0.03422	0.04641	-0.01643	0.99879	144.7158	-110.4539	857.1187	0.75407	0.65471	0.05226	-0.65643	0.75391	0.02679	-0.02186	-0.05451	0.99827	175.3557	-146.8496	857.7816	0.65031	0.75937	-0.02131	-0.75958	0.65040	-0.00287	0.01168	0.01806	0.99977	108.4293	-080.0363	856.3875	0.83944	0.54306	-0.02077	-0.54331	0.83949	-0.00872	0.01271	0.01860	0.99975	
14	-083.3682	054.5192	790.1715	0.97730	0.00902	-0.21169	-0.01168	0.99987	-0.01132	0.21156	0.01354	0.97727	0 	 0	0	0 	 0	0	0 	 0	0	0 	 0	0	-125.7351	-011.4415	852.0352	0.99993	0.00465	0.01130	-0.00509	0.99919	0.03991	-0.01111	-0.03996	0.99914	-076.2011	-014.6069	852.5900	0.99603	0.08556	0.02461	-0.08699	0.99414	0.06414	-0.01898	-0.06602	0.99764	-027.8232	-022.1179	853.6175	0.98261	0.18564	-0.00488	-0.18552	0.98248	0.01789	0.00811	-0.01667	0.99983	020.8598	-035.5087	854.8262	0.95754	0.28601	-0.03638	-0.28523	0.95813	0.02503	0.04201	-0.01359	0.99902	065.1711	-054.5430	855.5474	0.90882	0.41570	-0.03532	-0.41472	0.90939	0.03193	0.04539	-0.01437	0.99887	144.7130	-110.4538	857.1077	0.75427	0.65500	0.04537	-0.65633	0.75405	0.02532	-0.01762	-0.04888	0.99865	0 	 0	0	0 	 0	0	0 	 0	0	0 	 0	0	108.4294	-080.0361	856.3714	0.83938	0.54333	-0.01537	-0.54346	0.83942	-0.00524	0.01005	0.01275	0.99987	
15	-083.3714	054.5201	790.1851	0.97729	0.00899	-0.21173	-0.01155	0.99987	-0.01083	0.21161	0.01303	0.97727	-177.5116	-009.7080	850.2343	0.99870	0.01457	0.04886	-0.01371	0.99975	-0.01792	-0.04911	0.01723	0.99864	-125.7356	-011.4413	852.0366	0.99987	0.00437	0.01564	-0.00503	0.99909	0.04234	-0.01544	-0.04241	0.99898	-076.2011	-014.6063	852.5924	0.99606	0.08579	0.02257	-0.08702	0.99433	0.06114	-0.01720	-0.06287	0.99787	-027.8230	-022.1189	853.6186	0.98262	0.18559	-0.00323	-0.18555	0.98258	0.01022	0.00507	-0.00944	0.99994	020.8624	-035.5096	854.8099	0.95732	0.28570	-0.04382	-0.28578	0.95828	0.00435	0.04323	0.00836	0.99903	065.1700	-054.5395	855.5410	0.90861	0.41546	-0.04260	-0.41470	0.90959	0.02586	0.04949	-0.00583	0.99876	144.7175	-110.4546	857.1354	0.75413	0.65473	0.05113	-0.65643	0.75384	0.02878	-0.01970	-0.05526	0.99828	0 	 0	0	0 	 0	0	0 	 0	0	0 	 0	0	108.4294	-080.0361	856.3714	0.83940	0.54330	-0.01537	-0.54343	0.83944	-0.00524	0.01005	0.01275	0.99987	
16	-083.3722	054.5203	790.1866	0.97724	0.00906	-0.21195	-0.01155	0.99988	-0.01055	0.21182	0.01275	0.97722	-177.5116	-009.7080	850.2343	0.99870	0.01457	0.04886	-0.01371	0.99975	-0.01792	-0.04911	0.01723	0.99864	-125.7358	-011.4414	852.0375	0.99991	0.00463	0.01286	-0.00513	0.99922	0.03917	-0.01267	-0.03924	0.99915	-076.2012	-014.6060	852.5903	0.99610	0.08649	0.01735	-0.08728	0.99484	0.05181	-0.01278	-0.05313	0.99851	-027.8235	-022.1187	853.6225	0.98277	0.18484	-0.00242	-0.18478	0.98264	0.01680	0.00548	-0.01606	0.99986	020.7082	-035.7539	854.0343	0.96094	0.27609	0.01933	-0.26437	0.89498	0.35932	0.08191	-0.35040	0.93301	065.1698	-054.5380	855.5595	0.90863	0.41548	-0.04203	-0.41468	0.90958	0.02675	0.04934	-0.00688	0.99876	144.7184	-110.4548	857.1278	0.75411	0.65506	0.04706	-0.65647	0.75393	0.02513	-0.01901	-0.04984	0.99858	0 	 0	0	0 	 0	0	0 	 0	0	0 	 0	0	108.4289	-080.0358	856.3673	0.83933	0.54322	-0.02079	-0.54349	0.83936	-0.01018	0.01192	0.01984	0.99973	
17	-083.3750	054.5198	790.1889	0.97732	0.00928	-0.21154	-0.01155	0.99989	-0.00953	0.21143	0.01176	0.97732	-177.5116	-009.7080	850.2343	0.99870	0.01457	0.04886	-0.01371	0.99975	-0.01792	-0.04911	0.01723	0.99864	-125.7351	-011.4405	852.0335	0.99980	0.00412	0.01931	-0.00510	0.99868	0.05105	-0.01908	-0.05114	0.99851	-076.2014	-014.6050	852.6053	0.99615	0.08503	0.02114	-0.08614	0.99454	0.05886	-0.01602	-0.06046	0.99804	-027.8232	-022.1189	853.6235	0.98261	0.18570	-0.00073	-0.18566	0.98246	0.01740	0.00395	-0.01696	0.99985	020.9669	-035.6343	856.2367	0.95778	0.28560	-0.03305	-0.28538	0.93046	-0.22978	-0.03487	0.22951	0.97268	065.1695	-054.5362	855.5643	0.90863	0.41545	-0.04239	-0.41476	0.90961	0.02437	0.04869	-0.00456	0.99880	144.7193	-110.4546	857.1245	0.75406	0.65534	0.04392	-0.65654	0.75398	0.02181	-0.01882	-0.04528	0.99880	0 	 0	0	0 	 0	0	0 	 0	0	0 	 0	0	108.4293	-080.0350	856.3725	0.83935	0.54326	-0.01882	-0.54345	0.83941	-0.00708	0.01195	0.01617	0.99980	
18	-083.3757	054.5197	790.1893	0.97727	0.00917	-0.21181	-0.01151	0.99989	-0.00983	0.21170	0.01204	0.97726	-177.5116	-009.7080	850.2343	0.99870	0.01457	0.04886	-0.01371	0.99975	-0.01792	-0.04911	0.01723	0.99864	-125.7348	-011.4400	852.0331	0.99993	0.00440	0.01113	-0.00483	0.99924	0.03857	-0.01095	-0.03862	0.99919	-076.2035	-014.6053	852.6179	0.99590	0.08541	0.02965	-0.08725	0.99391	0.06733	-0.02372	-0.06964	0.99729	-027.8243	-022.1185	853.6273	0.98271	0.18514	-0.00088	-0.18509	0.98256	0.01797	0.00419	-0.01750	0.99984	020.9669	-035.6343	856.2367	0.95780	0.28552	-0.03304	-0.28530	0.93048	-0.22978	-0.03487	0.22951	0.97268	065.1687	-054.5356	855.5636	0.90848	0.41547	-0.04516	-0.41482	0.90960	0.02343	0.05081	-0.00255	0.99870	144.7156	-110.4540	857.0982	0.75426	0.65567	0.03442	-0.65639	0.75426	0.01572	-0.01566	-0.03445	0.99928	175.4855	-146.8348	857.9908	0.64247	0.76585	0.02658	-0.76612	0.64270	-0.00034	-0.01735	-0.02014	0.99965	108.4301	-080.0359	856.3756	0.83930	0.54337	-0.01797	-0.54358	0.83931	-0.00943	0.00996	0.01768	0.99979	
19	-083.3767	054.5195	790.2024	0.97735	0.00950	-0.21142	-0.01153	0.99990	-0.00840	0.21132	0.01065	0.97736	-177.5116	-009.7080	850.2343	0.99870	0.01457	0.04886	-0.01371	0.99975	-0.01792	-0.04911	0.01723	0.99864	-125.7348	-011.4401	852.0318	0.99993	0.00441	0.01126	-0.00484	0.99924	0.03877	-0.01108	-0.03883	0.99918	-076.2000	-014.6047	852.5949	0.99605	0.08618	0.02157	-0.08720	0.99483	0.05211	-0.01696	-0.05378	0.99841	-027.8238	-022.1189	853.6316	0.98275	0.18493	0.00023	-0.18490	0.98258	0.01844	0.00318	-0.01816	0.99983	021.0962	-035.9357	857.5203	0.95828	0.27971	-0.05890	-0.27015	0.81889	-0.50639	-0.09341	0.50118	0.86029	065.1687	-054.5358	855.5657	0.90849	0.41547	-0.04498	-0.41482	0.90960	0.02335	0.05061	-0.00255	0.99872	144.7187	-110.4526	857.1006	0.75422	0.65538	0.04035	-0.65640	0.75414	0.02029	-0.01713	-0.04179	0.99898	175.4855	-146.8348	857.9908	0.64247	0.76585	0.02658	-0.76612	0.64270	-0.00034	-0.01735	-0.02014	0.99965	108.4308	-080.0361	856.3817	0.83927	0.54340	-0.01880	-0.54362	0.83928	-0.00944	0.01065	0.01814	0.99978	
20	-083.3771	054.5199	790.2075	0.97734	0.00930	-0.21146	-0.01157	0.99989	-0.00950	0.21135	0.01174	0.97734	-177.5116	-009.7080	850.2343	0.99870	0.01457	0.04886	-0.01371	0.99975	-0.01792	-0.04911	0.01723	0.99864	-125.7353	-011.4394	852.0384	0.99990	0.00473	0.01343	-0.00536	0.99888	0.04696	-0.01319	-0.04703	0.99881	-076.1993	-014.6045	852.5794	0.99601	0.08581	0.02452	-0.08682	0.99527	0.04354	-0.02067	-0.04550	0.99875	-027.8270	-022.1185	853.6283	0.98282	0.18456	0.00075	-0.18454	0.98263	0.01956	0.00288	-0.01936	0.99981	021.2025	-036.4795	858.6180	0.95965	0.26960	-0.07988	-0.24098	0.64220	-0.72767	-0.14488	0.71756	0.68126	065.1685	-054.5364	855.5651	0.90843	0.41550	-0.04597	-0.41483	0.90959	0.02359	0.05161	-0.00236	0.99866	144.7207	-110.4535	857.1200	0.75410	0.65523	0.04477	-0.65650	0.75396	0.02352	-0.01834	-0.04713	0.99872	175.4855	-146.8348	857.9908	0.64247	0.76585	0.02658	-0.76612	0.64270	-0.00034	-0.01735	-0.02014	0.99965	108.4308	-080.0361	856.3820	0.83926	0.54342	-0.01840	-0.54363	0.83927	-0.00916	0.01047	0.01770	0.99979	
21	-083.4005	054.5837	790.3093	0.97739	0.00854	-0.21127	-0.01191	0.99982	-0.01471	0.21110	0.01690	0.97732	-177.4744	-010.1701	846.6652	0.98112	0.02361	0.19195	-0.02665	0.99956	0.01325	-0.19155	-0.01812	0.98132	-126.2899	-011.2605	852.9094	0.94654	0.02252	-0.32180	0.07540	0.95448	0.28859	0.31365	-0.29743	0.90175	-076.5896	-016.1195	852.5035	0.99314	0.11405	0.02567	-0.11444	0.99333	0.01425	-0.02387	-0.01709	0.99957	-028.5079	-024.9853	853.5315	0.97572	0.21750	-0.02575	-0.21781	0.97594	-0.00980	0.02300	0.01517	0.99962	0 	 0	0	0 	 0	0	0 	 0	0	0 	 0	0	063.4297	-060.2205	855.0231	0.89653	0.44161	-0.03482	-0.44163	0.89717	0.00735	0.03449	0.00879	0.99937	141.9609	-117.8711	855.5407	0.74326	0.66664	0.05615	-0.66850	0.74333	0.02371	-0.02593	-0.05516	0.99814	172.4608	-154.5841	856.9060	0.63724	0.76472	0.09555	-0.77066	0.63195	0.08203	0.00235	-0.12591	0.99204	106.1148	-086.7646	855.3899	0.82469	0.56311	-0.05279	-0.56507	0.82432	-0.03454	0.02406	0.05831	0.99801	
22	-083.4006	054.5837	790.3031	0.97728	0.00843	-0.21181	-0.01186	0.99982	-0.01494	0.21164	0.01711	0.97720	-177.5169	-010.3463	845.6132	0.97229	0.02695	0.23222	-0.03239	0.99928	0.01965	-0.23152	-0.02662	0.97247	-126.4413	-011.0072	853.2181	0.91641	0.03793	-0.39843	0.11317	0.93032	0.34886	0.38390	-0.36479	0.84826	-076.5896	-016.1195	852.4987	0.99315	0.11405	0.02560	-0.11444	0.99333	0.01426	-0.02380	-0.01709	0.99957	-028.5077	-024.9846	853.5223	0.97558	0.21761	-0.02972	-0.21813	0.97579	-0.01569	0.02558	0.02179	0.99944	0 	 0	0	0 	 0	0	0 	 0	0	0 	 0	0	063.4290	-060.2191	855.0098	0.89651	0.44153	-0.03636	-0.44170	0.89715	0.00363	0.03423	0.01280	0.99933	141.9609	-117.8711	855.5407	0.74379	0.66595	0.05737	-0.66785	0.74395	0.02285	-0.02747	-0.05531	0.99809	172.4678	-154.5999	856.9182	0.63669	0.76207	0.11777	-0.77112	0.62903	0.09849	0.00097	-0.15352	0.98815	106.0957	-086.7497	854.7554	0.82513	0.56423	-0.02840	-0.56457	0.82537	-0.00521	0.02050	0.02034	0.99958	
23	-083.4002	054.5838	790.2980	0.97721	0.00810	-0.21213	-0.01187	0.99979	-0.01649	0.21195	0.01863	0.97710	-177.7433	-010.5267	844.5708	0.96183	0.02993	0.27202	-0.03838	0.99893	0.02580	-0.27096	-0.03526	0.96195	0 	 0	0	0 	 0	0	0 	 0	0	0 	 0	0	-076.5899	-016.1188	852.4955	0.99324	0.11356	0.02385	-0.11385	0.99344	0.01106	-0.02244	-0.01370	0.99965	-028.5066	-024.9834	853.5188	0.97564	0.21741	-0.02933	-0.21786	0.97589	-0.01301	0.02580	0.01909	0.99948	0 	 0	0	0 	 0	0	0 	 0	0	0 	 0	0	063.4291	-060.2205	855.0098	0.89651	0.44154	-0.03632	-0.44170	0.89715	0.00372	0.03423	0.01270	0.99933	141.9585	-117.8794	855.5669	0.74333	0.66271	0.09100	-0.66810	0.74226	0.05191	-0.03314	-0.09938	0.99450	172.4571	-154.4944	855.8189	0.63965	0.76841	0.01991	-0.76850	0.63984	-0.00439	-0.01611	-0.01249	0.99979	106.0965	-086.7588	855.0174	0.82612	0.56350	0.00103	-0.56343	0.82599	0.01675	0.00859	-0.01442	0.99986	
24	-083.4011	054.5835	790.3007	0.97706	0.00810	-0.21282	-0.01180	0.99980	-0.01609	0.21265	0.01823	0.97696	-177.5620	-009.6135	850.7287	0.99996	0.00860	-0.00176	-0.00859	0.99991	0.01052	0.00185	-0.01051	0.99994	-126.1435	-012.1457	851.0190	0.99787	0.04235	0.04968	-0.03743	0.99466	-0.09616	-0.05349	0.09409	0.99413	-076.5899	-016.1188	852.4955	0.99325	0.11356	0.02353	-0.11385	0.99344	0.01109	-0.02211	-0.01370	0.99966	-028.5065	-024.9831	853.5169	0.97566	0.21756	-0.02727	-0.21786	0.97595	-0.00827	0.02481	0.01401	0.99959	0 	 0	0	0 	 0	0	0 	 0	0	0 	 0	0	063.4290	-060.2199	855.0004	0.89649	0.44146	-0.03762	-0.44173	0.89715	0.00123	0.03430	0.01551	0.99929	141.9585	-117.8778	855.5669	0.74345	0.66262	0.09067	-0.66800	0.74233	0.05221	-0.03271	-0.09938	0.99451	172.4571	-154.5286	855.8189	0.63953	0.76853	0.01909	-0.76863	0.63969	-0.00341	-0.01484	-0.01249	0.99981	106.0932	-086.7712	855.0936	0.82563	0.56307	-0.03601	-0.56416	0.82478	-0.03821	0.00819	0.05186	0.99862	
25	-083.4015	054.5835	790.3110	0.97723	0.00826	-0.21203	-0.01180	0.99981	-0.01542	0.21187	0.01757	0.97714	-177.5468	-010.0904	849.6427	0.99923	0.01216	0.03728	-0.01127	0.99965	-0.02411	-0.03756	0.02367	0.99901	-126.0809	-011.7088	853.2346	0.99407	0.00848	-0.10839	0.00482	0.99253	0.12190	0.10861	-0.12170	0.98661	-076.5895	-016.1184	852.4947	0.99327	0.11361	0.02257	-0.11387	0.99344	0.01043	-0.02124	-0.01293	0.99969	-028.5061	-024.9828	853.5086	0.97568	0.21810	-0.02173	-0.21834	0.97583	-0.00935	0.01917	0.01387	0.99972	0 	 0	0	0 	 0	0	0 	 0	0	0 	 0	0	063.4288	-060.2202	855.0295	0.89649	0.44166	-0.03522	-0.44168	0.89714	0.00767	0.03498	0.00868	0.99935	141.9652	-117.8796	855.7478	0.74418	0.66223	0.08740	-0.66698	0.74382	0.04321	-0.03639	-0.09045	0.99524	172.4566	-154.5237	856.6501	0.64034	0.76667	0.04674	-0.76809	0.63903	0.04102	0.00157	-0.06217	0.99806	106.0938	-086.7712	855.1276	0.82563	0.56307	-0.03601	-0.56416	0.82478	-0.03821	0.00819	0.05186	0.99862	
26	-083.4021	054.5832	790.3111	0.97729	0.00818	-0.21177	-0.01162	0.99982	-0.01500	0.21161	0.01712	0.97721	-177.5604	-010.2375	847.4231	0.99679	0.01908	0.07773	-0.01468	0.99827	-0.05685	-0.07868	0.05553	0.99535	-126.0056	-012.2074	851.1759	0.99850	0.01780	0.05176	-0.02185	0.99665	0.07885	-0.05019	-0.07986	0.99554	-076.5891	-016.1179	852.4940	0.99329	0.11365	0.02161	-0.11388	0.99345	0.00976	-0.02036	-0.01216	0.99972	-028.5047	-024.9829	853.5121	0.97570	0.21705	-0.03005	-0.21752	0.97597	-0.01318	0.02646	0.01940	0.99946	0 	 0	0	0 	 0	0	0 	 0	0	0 	 0	0	063.4288	-060.2202	855.0132	0.89647	0.44171	-0.03506	-0.44174	0.89711	0.00746	0.03475	0.00880	0.99936	141.9710	-117.8803	855.8772	0.74432	0.66203	0.08771	-0.66685	0.74388	0.04426	-0.03595	-0.09143	0.99516	172.4566	-154.5257	856.6501	0.64034	0.76662	0.04753	-0.76809	0.63908	0.04007	0.00035	-0.06217	0.99807	106.0921	-086.7794	855.1812	0.82547	0.56206	-0.05194	-0.56441	0.82299	-0.06423	0.00664	0.08233	0.99658	
27	-083.4025	054.5824	790.3108	0.97728	0.00824	-0.21181	-0.01157	0.99983	-0.01449	0.21165	0.01662	0.97720	-177.6522	-010.1061	847.5447	0.99112	0.03129	0.12927	-0.02055	0.99629	-0.08360	-0.13141	0.08021	0.98808	-126.0126	-011.8610	852.4169	0.99852	0.02718	-0.04708	-0.02556	0.99907	0.03465	0.04798	-0.03340	0.99829	-076.5886	-016.1174	852.4933	0.99334	0.11339	0.02066	-0.11360	0.99349	0.00910	-0.01949	-0.01138	0.99975	-028.5034	-024.9823	853.5036	0.97587	0.21705	-0.02363	-0.21748	0.97591	-0.01761	0.01923	0.02233	0.99957	0 	 0	0	0 	 0	0	0 	 0	0	0 	 0	0	063.4289	-060.2206	855.0380	0.89644	0.44196	-0.03265	-0.44188	0.89702	0.01001	0.03371	0.00545	0.99942	141.9747	-117.8725	855.9783	0.74450	0.66193	0.08704	-0.66700	0.74310	0.05402	-0.02893	-0.09827	0.99474	172.4592	-154.5291	856.8706	0.64074	0.76599	0.05204	-0.76774	0.63885	0.04938	0.00458	-0.07159	0.99742	106.0897	-086.7853	855.1668	0.82533	0.56056	-0.06783	-0.56463	0.82040	-0.09018	0.00509	0.11272	0.99361	
28	-083.4014	054.5818	790.2982	0.97726	0.00795	-0.21189	-0.01168	0.99980	-0.01637	0.21171	0.01847	0.97716	-177.6887	-010.0954	847.2177	0.98397	0.03991	0.17379	-0.02219	0.99446	-0.10272	-0.17693	0.09722	0.97941	-125.9851	-012.2085	851.1028	0.99893	0.02161	0.04091	-0.02379	0.99828	0.05367	-0.03968	-0.05459	0.99772	-076.5884	-016.1189	852.4920	0.99336	0.11311	0.02082	-0.11330	0.99353	0.00814	-0.01976	-0.01045	0.99975	-028.5023	-024.9817	853.5331	0.97544	0.21771	-0.03341	-0.21805	0.97591	-0.00685	0.03112	0.01397	0.99942	0 	 0	0	0 	 0	0	0 	 0	0	0 	 0	0	063.4297	-060.2206	855.0427	0.89661	0.44153	-0.03388	-0.44153	0.89721	0.00784	0.03386	0.00792	0.99940	141.9743	-117.8636	855.9809	0.74472	0.66233	0.08188	-0.66666	0.74399	0.04525	-0.03095	-0.08828	0.99561	172.4637	-154.5301	857.0914	0.64116	0.76532	0.05654	-0.76735	0.63853	0.05868	0.00881	-0.08101	0.99667	106.0868	-086.7951	855.2022	0.82521	0.55859	-0.08365	-0.56481	0.81702	-0.11603	0.00353	0.14300	0.98972	
29	-083.4011	054.5811	790.3056	0.97736	0.00844	-0.21140	-0.01164	0.99984	-0.01389	0.21124	0.01604	0.97730	-177.7252	-010.2410	846.8907	0.97478	0.05076	0.21732	-0.02254	0.99120	-0.13043	-0.22202	0.12225	0.96735	-125.9804	-012.4314	850.0069	0.99793	0.02798	0.05785	-0.02803	0.99961	0.00007	-0.05783	-0.00170	0.99833	-076.5857	-016.1188	852.4992	0.99340	0.11372	0.01473	-0.11389	0.99343	0.01151	-0.01333	-0.01311	0.99983	-028.5023	-024.9816	853.5412	0.97543	0.21806	-0.03140	-0.21821	0.97590	-0.00120	0.03038	0.00802	0.99951	0 	 0	0	0 	 0	0	0 	 0	0	0 	 0	0	063.4291	-060.2211	855.0436	0.89637	0.44209	-0.03282	-0.44189	0.89697	0.01354	0.03542	0.00236	0.99937	141.9733	-117.8609	856.0210	0.74487	0.66287	0.07594	-0.66672	0.74384	0.04679	-0.02547	-0.08548	0.99601	172.4682	-154.5311	857.3120	0.64160	0.76460	0.06103	-0.76692	0.63813	0.06797	0.01303	-0.09042	0.99582	106.0803	-086.8129	855.2366	0.82512	0.55615	-0.09941	-0.56496	0.81285	-0.14175	0.00197	0.17312	0.98490	
30	-083.4006	054.5804	790.2994	0.97744	0.00875	-0.21105	-0.01177	0.99985	-0.01308	0.21090	0.01527	0.97739	-177.6622	-010.2521	847.4669	0.98895	0.02957	0.14530	-0.01628	0.99564	-0.09180	-0.14738	0.08842	0.98512	-126.0898	-012.2169	850.5019	0.96580	0.09245	0.24224	-0.04457	0.97957	-0.19612	-0.25542	0.17861	0.95019	-076.5857	-016.1188	852.4992	0.99340	0.11372	0.01473	-0.11389	0.99343	0.01151	-0.01333	-0.01311	0.99983	-028.5024	-024.9817	853.5348	0.97564	0.21733	-0.02996	-0.21754	0.97604	-0.00387	0.02840	0.01029	0.99954	0 	 0	0	0 	 0	0	0 	 0	0	0 	 0	0	063.4297	-060.2214	855.0360	0.89651	0.44207	-0.02902	-0.44167	0.89697	0.01934	0.03458	-0.00452	0.99939	141.9732	-117.8606	855.9896	0.74490	0.66367	0.06832	-0.66679	0.74404	0.04236	-0.02272	-0.07710	0.99676	172.4657	-154.5279	856.3530	0.63956	0.76396	-0.08564	-0.76874	0.63590	-0.06834	0.00225	0.10954	0.99398	0 	 0	0	0 	 0	0	0 	 0	0	0 	 0	0	
31	-083.4178	054.5993	790.1686	0.97720	0.00777	-0.21220	-0.01175	0.99978	-0.01750	0.21202	0.01959	0.97707	-177.4389	-009.6907	849.8753	0.99762	0.01160	0.06800	-0.01322	0.99964	0.02341	-0.06771	-0.02425	0.99741	-126.9230	-014.8332	851.9676	0.99520	0.09732	0.01041	-0.09765	0.99449	0.03807	-0.00665	-0.03890	0.99922	-079.0030	-024.5034	851.8996	0.97061	0.24058	0.00599	-0.24023	0.97008	-0.03525	-0.01430	0.03278	0.99936	-033.3478	-040.9877	852.9530	0.92500	0.37874	-0.03033	-0.37923	0.92523	-0.01204	0.02350	0.02264	0.99947	011.2075	-064.2001	853.3609	0.87473	0.47936	-0.07116	-0.48186	0.87596	-0.02235	0.05162	0.05384	0.99721	050.6227	-092.1783	853.5061	0.80442	0.59405	0.00427	-0.59400	0.80420	0.02054	0.00877	-0.01906	0.99978	121.3960	-160.6190	853.5111	0.67686	0.73562	0.02695	-0.73547	0.67734	-0.01694	-0.03072	-0.00835	0.99949	150.6233	-199.1263	853.9051	0.61813	0.78424	-0.05366	-0.78603	0.61735	-0.03208	0.00797	0.06201	0.99804	088.9254	-125.3369	853.6757	0.73415	0.67711	0.05036	-0.67893	0.73111	0.06730	0.00875	-0.08360	0.99646	
32	-083.4175	054.6038	790.1805	0.97738	0.00822	-0.21132	-0.01173	0.99981	-0.01534	0.21116	0.01748	0.97730	-177.5484	-009.2229	852.5329	0.99884	0.00102	-0.04818	-0.00112	1.00000	-0.00204	0.04817	0.00210	0.99884	-126.9230	-014.8418	851.9695	0.99527	0.09698	0.00526	-0.09712	0.99441	0.04137	-0.00122	-0.04168	0.99913	-079.0675	-024.6110	852.4600	0.97043	0.22967	0.07434	-0.23612	0.96713	0.09438	-0.05022	-0.10914	0.99276	-033.3476	-040.9868	852.9703	0.92499	0.37881	-0.02980	-0.37914	0.92532	-0.00597	0.02531	0.01682	0.99954	011.2005	-064.2312	853.3768	0.87500	0.47734	-0.08074	-0.48032	0.87684	-0.02134	0.06061	0.05746	0.99651	050.6233	-092.1793	853.5273	0.80439	0.59404	0.00847	-0.59407	0.80414	0.02096	0.00563	-0.02189	0.99974	121.3979	-160.6194	853.5199	0.67705	0.73564	0.02109	-0.73536	0.67737	-0.02044	-0.02932	-0.00167	0.99957	150.6233	-199.1347	853.9650	0.61810	0.78482	-0.04489	-0.78598	0.61799	-0.01791	0.01368	0.04636	0.99883	089.0282	-125.2976	854.1545	0.74187	0.65329	0.15111	-0.66991	0.71229	0.20943	0.02918	-0.25660	0.96608	
33	-083.4183	054.6052	790.1977	0.97723	0.00833	-0.21204	-0.01181	0.99982	-0.01516	0.21187	0.01732	0.97714	-177.5130	-009.3743	852.5329	0.99884	0.00102	-0.04818	-0.00112	1.00000	-0.00204	0.04817	0.00210	0.99884	-126.9240	-014.8384	851.9496	0.99517	0.09818	0.00041	-0.09814	0.99457	0.03454	0.00298	-0.03441	0.99940	-079.0675	-024.6110	852.4600	0.97055	0.23077	0.06908	-0.23615	0.96810	0.08373	-0.04756	-0.09758	0.99409	-033.3512	-040.9869	852.9727	0.92462	0.37923	-0.03560	-0.37980	0.92501	-0.01062	0.02890	0.02334	0.99931	011.0699	-064.3651	851.5762	0.87967	0.46785	-0.08545	-0.47019	0.88252	-0.00853	0.07142	0.04768	0.99631	050.6239	-092.1796	853.5188	0.80455	0.59380	0.00977	-0.59386	0.80428	0.02133	0.00481	-0.02297	0.99972	121.3986	-160.6201	853.5099	0.67682	0.73586	0.02057	-0.73546	0.67713	-0.02429	-0.03180	0.00132	0.99949	150.6177	-199.1449	853.9251	0.61858	0.78453	-0.04323	-0.78570	0.61803	-0.02680	0.00569	0.05054	0.99871	089.0883	-125.2635	854.3972	0.74553	0.63906	0.18917	-0.66512	0.69534	0.27224	0.04245	-0.32879	0.94345	
34	-083.4182	054.6045	790.1994	0.97734	0.00835	-0.21152	-0.01167	0.99983	-0.01447	0.21136	0.01661	0.97727	-177.6114	-009.1943	853.9220	0.99435	-0.00544	-0.10603	0.00384	0.99988	-0.01527	0.10610	0.01477	0.99425	-126.9234	-014.9821	851.3418	0.99004	0.10272	0.09626	-0.10233	0.99471	-0.00905	-0.09668	-0.00089	0.99532	-079.0752	-024.6463	852.6091	0.96740	0.24094	0.07805	-0.25087	0.95389	0.16480	-0.03475	-0.17901	0.98323	-033.3522	-040.9866	852.9445	0.92460	0.37918	-0.03657	-0.37982	0.92498	-0.01215	0.02922	0.02512	0.99926	011.4773	-063.8955	854.4369	0.86714	0.49682	0.03517	-0.49151	0.86502	-0.10078	-0.08049	0.07010	0.99429	050.6246	-092.1804	853.5048	0.80464	0.59365	0.01174	-0.59375	0.80437	0.02102	0.00303	-0.02388	0.99971	121.3988	-160.6199	853.4974	0.67696	0.73572	0.02104	-0.73538	0.67729	-0.02215	-0.03055	-0.00047	0.99953	150.6177	-199.1449	853.9251	0.61860	0.78452	-0.04322	-0.78568	0.61805	-0.02680	0.00569	0.05054	0.99871	089.1581	-125.2134	854.6345	0.74969	0.62200	0.22600	-0.65948	0.67368	0.33352	0.05520	-0.39908	0.91525	
35	-083.4189	054.6032	790.1985	0.97737	0.00840	-0.21138	-0.01172	0.99983	-0.01447	0.21122	0.01662	0.97730	-177.5366	-009.3874	851.9150	0.99948	0.00659	0.03161	-0.00758	0.99949	0.03108	-0.03138	-0.03130	0.99902	-126.9371	-014.5358	853.2886	0.99643	0.08438	0.00313	-0.08395	0.98607	0.14361	0.00903	-0.14336	0.98963	-079.0752	-024.6463	852.6091	0.96772	0.23976	0.07767	-0.24962	0.95432	0.16423	-0.03475	-0.17831	0.98336	-033.3595	-040.9849	852.9427	0.92421	0.37977	-0.04019	-0.38010	0.92495	-0.00070	0.03691	0.01592	0.99919	011.0313	-064.4968	851.7682	0.89212	0.44719	0.06433	-0.44826	0.85836	0.24954	0.05637	-0.25146	0.96622	050.6243	-092.1811	853.4897	0.80466	0.59356	0.01460	-0.59374	0.80438	0.02092	0.00068	-0.02551	0.99967	121.3942	-160.6197	853.4873	0.67697	0.73577	0.01886	-0.73545	0.67723	-0.02158	-0.02865	0.00074	0.99959	150.6154	-199.1463	853.8909	0.61883	0.78433	-0.04320	-0.78552	0.61799	-0.03227	0.00139	0.05391	0.99855	089.0039	-125.2548	853.2983	0.73675	0.67358	0.05906	-0.67564	0.73679	0.02534	-0.02645	-0.05857	0.99793	
36	-083.4186	054.6024	790.1980	0.97726	0.00845	-0.21185	-0.01175	0.99983	-0.01434	0.21170	0.01650	0.97720	-177.4847	-009.4122	851.6307	0.99951	0.00535	0.03083	-0.00582	0.99986	0.01548	-0.03074	-0.01565	0.99940	-126.9388	-014.7335	852.1712	0.99415	0.10232	-0.03445	-0.09999	0.99295	0.06363	0.04072	-0.05981	0.99738	-079.0704	-024.6643	852.5169	0.96846	0.24039	0.06551	-0.24742	0.95889	0.13899	-0.02940	-0.15082	0.98812	-033.3603	-040.9849	852.9485	0.92429	0.37957	-0.04024	-0.38016	0.92489	-0.00792	0.03421	0.02262	0.99916	010.9271	-064.9290	851.0164	0.91238	0.38571	0.13708	-0.39641	0.74899	0.53091	0.10210	-0.53873	0.83627	050.6243	-092.1811	853.4897	0.80466	0.59356	0.01460	-0.59374	0.80438	0.02092	0.00068	-0.02550	0.99967	121.3879	-160.6156	853.4607	0.67693	0.73595	0.01242	-0.73554	0.67699	-0.02581	-0.02740	0.00834	0.99959	150.6161	-199.1567	853.9303	0.61891	0.78469	-0.03480	-0.78545	0.61848	-0.02336	0.00319	0.04179	0.99912	089.0538	-125.2548	853.2983	0.73675	0.67358	0.05906	-0.67564	0.73679	0.02534	-0.02645	-0.05857	0.99793	
37	-083.4175	054.6020	790.1805	0.97730	0.00808	-0.21169	-0.01176	0.99980	-0.01613	0.21152	0.01825	0.97720	-177.4484	-009.4651	851.0911	0.99915	0.00675	0.04071	-0.00719	0.99992	0.01065	-0.04064	-0.01093	0.99911	-126.9388	-014.7335	852.1712	0.99402	0.10362	-0.03445	-0.10132	0.99287	0.06281	0.04072	-0.05895	0.99743	-079.1025	-024.9578	851.0210	0.97375	0.21287	0.08065	-0.22763	0.91016	0.34612	0.00028	-0.35539	0.93472	-033.3603	-040.9846	852.9485	0.92430	0.37954	-0.04024	-0.38013	0.92490	-0.00792	0.03421	0.02262	0.99916	011.0863	-064.3763	853.7852	0.86449	0.48529	-0.13095	-0.50252	0.84030	-0.20339	0.01133	0.24163	0.97030	050.6238	-092.1810	853.4874	0.80463	0.59358	0.01529	-0.59377	0.80436	0.02082	0.00006	-0.02583	0.99967	121.3895	-160.6188	853.4826	0.67737	0.73545	0.01685	-0.73503	0.67757	-0.02506	-0.02985	0.00459	0.99954	150.6161	-199.1567	853.9032	0.61892	0.78468	-0.03480	-0.78545	0.61849	-0.02336	0.00319	0.04179	0.99912	089.0508	-125.2479	853.6684	0.73686	0.67365	0.05684	-0.67533	0.73734	0.01604	-0.03110	-0.05020	0.99825	
38	-083.4171	054.6006	790.1675	0.97732	0.00820	-0.21161	-0.01191	0.99980	-0.01628	0.21143	0.01843	0.97722	-177.4443	-009.6450	850.6424	0.99960	0.01250	0.02541	-0.01167	0.99939	-0.03280	-0.02581	0.03249	0.99914	-126.9371	-014.8285	852.1747	0.99463	0.09767	0.03420	-0.10016	0.99167	0.08094	-0.02601	-0.08394	0.99613	-079.0770	-024.7839	853.4749	0.96558	0.25894	0.02469	-0.24530	0.93804	-0.24477	-0.08654	0.23029	0.96927	-033.3589	-040.9846	852.9626	0.92435	0.37911	-0.04301	-0.37983	0.92500	-0.00986	0.03605	0.02545	0.99903	010.9189	-064.7501	851.4543	0.87487	0.46837	-0.12339	-0.45847	0.88296	0.10092	0.15621	-0.03172	0.98721	050.6259	-092.1817	853.4970	0.80466	0.59354	0.01515	-0.59373	0.80436	0.02206	0.00091	-0.02675	0.99964	121.3902	-160.6153	853.4875	0.67718	0.73579	0.00622	-0.73532	0.67700	-0.03126	-0.02721	0.01659	0.99949	150.6861	-199.1901	854.6420	0.61188	0.70383	0.36088	-0.79068	0.55620	0.25585	-0.02064	-0.44189	0.89683	088.9952	-125.2404	853.6059	0.73698	0.67371	0.05461	-0.67497	0.73781	0.00674	-0.03575	-0.04183	0.99848	
