"#"	"COOLCARD X"	"COOLCARD Y"	"COOLCARD Z"	"COOLCARD R11"	"COOLCARD R12"	"COOLCARD R13"	"COOLCARD R21"	"COOLCARD R22"	"COOLCARD R23"	"COOLCARD R31"	"COOLCARD R32"	"COOLCARD R33"	"Reference X"	"Reference Y"	"Reference Z"	"Reference R11"	"Reference R12"	"Reference R13"	"Reference R21"	"Reference R22"	"Reference R23"	"Reference R31"	"Reference R32"	"Reference R33"	"TR_1 X"	"TR_1 Y"	"TR_1 Z"	"TR_1 R11"	"TR_1 R12"	"TR_1 R13"	"TR_1 R21"	"TR_1 R22"	"TR_1 R23"	"TR_1 R31"	"TR_1 R32"	"TR_1 R33"	"TR_2 X"	"TR_2 Y"	"TR_2 Z"	"TR_2 R11"	"TR_2 R12"	"TR_2 R13"	"TR_2 R21"	"TR_2 R22"	"TR_2 R23"	"TR_2 R31"	"TR_2 R32"	"TR_2 R33"	"TR_3 X"	"TR_3 Y"	"TR_3 Z"	"TR_3 R11"	"TR_3 R12"	"TR_3 R13"	"TR_3 R21"	"TR_3 R22"	"TR_3 R23"	"TR_3 R31"	"TR_3 R32"	"TR_3 R33"	"TR_4 X"	"TR_4 Y"	"TR_4 Z"	"TR_4 R11"	"TR_4 R12"	"TR_4 R13"	"TR_4 R21"	"TR_4 R22"	"TR_4 R23"	"TR_4 R31"	"TR_4 R32"	"TR_4 R33"	"TR_5 X"	"TR_5 Y"	"TR_5 Z"	"TR_5 R11"	"TR_5 R12"	"TR_5 R13"	"TR_5 R21"	"TR_5 R22"	"TR_5 R23"	"TR_5 R31"	"TR_5 R32"	"TR_5 R33"	"TR_6 X"	"TR_6 Y"	"TR_6 Z"	"TR_6 R11"	"TR_6 R12"	"TR_6 R13"	"TR_6 R21"	"TR_6 R22"	"TR_6 R23"	"TR_6 R31"	"TR_6 R32"	"TR_6 R33"	"TR_7 X"	"TR_7 Y"	"TR_7 Z"	"TR_7 R11"	"TR_7 R12"	"TR_7 R13"	"TR_7 R21"	"TR_7 R22"	"TR_7 R23"	"TR_7 R31"	"TR_7 R32"	"TR_7 R33"	"TR_8 X"	"TR_8 Y"	"TR_8 Z"	"TR_8 R11"	"TR_8 R12"	"TR_8 R13"	"TR_8 R21"	"TR_8 R22"	"TR_8 R23"	"TR_8 R31"	"TR_8 R32"	"TR_8 R33"	
1	-057.3336	030.2396	870.3136	0.99548	0.01159	0.09429	-0.00927	0.99965	-0.02497	-0.09455	0.02399	0.99523	-193.3952	-024.4564	884.4297	-0.03783	0.98334	0.17782	-0.99922	-0.03922	0.00430	0.01120	-0.17752	0.98405	-141.2807	-036.2172	879.0271	0.99299	-0.00950	0.11782	0.00224	0.99810	0.06161	-0.11819	-0.06091	0.99112	-091.4825	-037.7459	874.5624	0.99081	0.03754	0.12995	-0.04077	0.99892	0.02230	-0.12898	-0.02740	0.99127	-042.4501	-041.7050	870.6329	0.98995	0.11385	0.08384	-0.11395	0.99348	-0.00359	-0.08370	-0.00600	0.99647	007.4342	-049.8301	865.8707	0.97563	0.16422	0.14551	-0.17827	0.97991	0.08938	-0.12791	-0.11314	0.98531	053.9920	-063.3538	862.3910	0.95629	0.27490	0.09972	-0.27995	0.95916	0.04044	-0.08454	-0.06659	0.99419	100.9809	-081.5169	857.7903	0.91577	0.39635	0.06534	-0.39621	0.91803	-0.01567	-0.06619	-0.01154	0.99774	142.9617	-103.4368	852.7900	0.86242	0.50272	0.05925	-0.49654	0.86290	-0.09410	-0.09843	0.05173	0.99380	182.5503	-132.3152	849.4493	0.79571	0.59159	0.12989	-0.60035	0.79875	0.03976	-0.08023	-0.10962	0.99073	
2	-057.3322	030.2400	870.3302	0.99550	0.01141	0.09406	-0.00923	0.99968	-0.02357	-0.09430	0.02259	0.99529	-193.3870	-024.4660	883.9074	-0.03869	0.99762	0.05699	-0.99880	-0.03690	-0.03212	-0.02994	-0.05816	0.99786	-141.2827	-036.2178	879.0388	0.99274	-0.01021	0.11985	0.00358	0.99846	0.05541	-0.12023	-0.05458	0.99124	-091.4840	-037.7452	874.5568	0.99047	0.03745	0.13255	-0.03988	0.99908	0.01575	-0.13184	-0.02089	0.99105	-042.4540	-041.7036	870.6000	0.98981	0.11080	0.08945	-0.11338	0.99326	0.02420	-0.08616	-0.03409	0.99570	007.4248	-049.8361	865.8904	0.97440	0.16956	0.14765	-0.17799	0.98297	0.04580	-0.13737	-0.07091	0.98798	053.9615	-063.3525	862.2780	0.95658	0.27789	0.08793	-0.28195	0.95870	0.03743	-0.07389	-0.06060	0.99542	100.9747	-081.5166	857.7425	0.91579	0.39622	0.06589	-0.39658	0.91796	-0.00801	-0.06366	-0.01879	0.99780	142.9692	-103.4294	852.9156	0.86313	0.49751	0.08658	-0.49797	0.86701	-0.01769	-0.08386	-0.02785	0.99609	182.4809	-132.3098	848.9032	0.79157	0.59277	0.14846	-0.60150	0.79866	0.01822	-0.10777	-0.10372	0.98875	
3	-057.3320	030.2398	870.3157	0.99545	0.01143	0.09462	-0.00924	0.99968	-0.02349	-0.09486	0.02251	0.99524	-193.3796	-024.4226	883.2662	-0.04389	0.99492	0.09057	-0.99694	-0.04949	0.06057	0.06474	-0.08763	0.99405	-141.2847	-036.2181	879.0383	0.99134	-0.01240	0.13072	0.00319	0.99751	0.07040	-0.13126	-0.06937	0.98892	-091.4869	-037.7432	874.5407	0.99031	0.03551	0.13427	-0.04023	0.99866	0.03259	-0.13294	-0.03768	0.99041	-042.4540	-041.7036	870.6000	0.98981	0.11080	0.08945	-0.11338	0.99326	0.02420	-0.08616	-0.03409	0.99570	007.4248	-049.8361	865.8904	0.97439	0.16957	0.14765	-0.17800	0.98296	0.04580	-0.13737	-0.07091	0.98798	053.9485	-063.3488	862.2155	0.95683	0.27903	0.08132	-0.28202	0.95900	0.02782	-0.07023	-0.04955	0.99630	100.9696	-081.5167	857.7342	0.91588	0.39679	0.06107	-0.39657	0.91786	-0.01618	-0.06247	-0.00940	0.99800	142.9728	-103.4294	852.9156	0.86308	0.49748	0.08721	-0.49786	0.86705	-0.01886	-0.08500	-0.02714	0.99601	182.5450	-132.3139	849.3930	0.79492	0.59182	0.13361	-0.60063	0.79874	0.03546	-0.08574	-0.10844	0.99040	
4	-057.3312	030.2393	870.3128	0.99544	0.01144	0.09471	-0.00927	0.99969	-0.02332	-0.09495	0.02233	0.99523	-193.3628	-024.5020	883.8137	-0.03412	0.98875	0.14564	-0.99718	-0.02393	-0.07120	-0.06691	-0.14766	0.98677	-141.2856	-036.2181	879.0366	0.99148	-0.01190	0.12970	0.00285	0.99756	0.06977	-0.13022	-0.06881	0.98909	-091.4846	-037.7408	874.5246	0.99052	0.03807	0.13201	-0.04000	0.99913	0.01196	-0.13144	-0.01712	0.99118	-042.4553	-041.7017	870.5785	0.99055	0.11250	0.07851	-0.11350	0.99350	0.00845	-0.07704	-0.01728	0.99688	007.4235	-049.8402	865.8943	0.97353	0.17404	0.14814	-0.17854	0.98378	0.01756	-0.14268	-0.04354	0.98881	053.9485	-063.3488	862.2155	0.95683	0.27903	0.08132	-0.28202	0.95900	0.02782	-0.07023	-0.04955	0.99630	100.9675	-081.5168	857.7386	0.91608	0.39669	0.05858	-0.39640	0.91792	-0.01706	-0.06054	-0.00760	0.99814	142.9780	-103.4259	852.8917	0.86359	0.49601	0.09045	-0.49859	0.86681	0.00699	-0.07494	-0.05114	0.99588	182.5427	-132.3142	849.3721	0.79477	0.59176	0.13478	-0.60072	0.79866	0.03574	-0.08649	-0.10937	0.99023	
5	-057.3309	030.2389	870.3225	0.99543	0.01136	0.09484	-0.00932	0.99972	-0.02189	-0.09506	0.02091	0.99525	-193.3790	-024.5095	883.6973	-0.03659	0.99388	0.10422	-0.99921	-0.03475	-0.01939	-0.01565	-0.10484	0.99437	-141.2824	-036.2181	879.0304	0.99311	-0.00992	0.11675	0.00276	0.99812	0.06130	-0.11714	-0.06055	0.99127	-091.4821	-037.7402	874.5088	0.99130	0.03858	0.12582	-0.03968	0.99919	0.00623	-0.12548	-0.01117	0.99203	-042.4556	-041.7039	870.5739	0.99020	0.11226	0.08310	-0.11363	0.99345	0.01192	-0.08122	-0.02125	0.99647	007.4233	-049.8439	865.9053	0.97497	0.17516	0.13694	-0.17854	0.98385	0.01269	-0.13250	-0.03683	0.99050	053.9514	-063.3478	862.2218	0.95702	0.27933	0.07803	-0.28184	0.95919	0.02299	-0.06843	-0.04400	0.99669	100.9661	-081.5194	857.7579	0.91593	0.39616	0.06432	-0.39624	0.91807	-0.01214	-0.06386	-0.01437	0.99786	142.9855	-103.4304	853.1162	0.86263	0.49700	0.09415	-0.49647	0.86751	-0.03068	-0.09693	-0.02028	0.99508	182.5453	-132.3138	849.3991	0.79464	0.58896	0.14723	-0.60062	0.79800	0.04954	-0.08832	-0.12780	0.98786	
6	-057.3307	030.2380	870.3203	0.99548	0.01159	0.09426	-0.00936	0.99967	-0.02401	-0.09451	0.02302	0.99526	-193.3725	-024.5007	883.6767	-0.03719	0.99484	0.09436	-0.99920	-0.03566	-0.01792	-0.01447	-0.09495	0.99538	-141.2820	-036.2184	879.0262	0.99205	-0.01136	0.12536	0.00409	0.99830	0.05809	-0.12580	-0.05712	0.99041	-091.4817	-037.7412	874.5126	0.99056	0.03861	0.13156	-0.04017	0.99915	0.00921	-0.13109	-0.01441	0.99127	-042.4552	-041.6996	870.5759	0.99076	0.11284	0.07528	-0.11356	0.99352	0.00545	-0.07418	-0.01395	0.99715	007.4233	-049.8439	865.9053	0.97495	0.17520	0.13706	-0.17853	0.98386	0.01231	-0.13269	-0.03647	0.99049	053.9543	-063.3470	862.2282	0.95720	0.27962	0.07474	-0.28166	0.95934	0.01816	-0.06663	-0.03844	0.99704	100.9697	-081.5221	857.8071	0.91556	0.39662	0.06663	-0.39681	0.91784	-0.01100	-0.06551	-0.01637	0.99772	143.0154	-103.4423	853.6758	0.86408	0.50242	0.03082	-0.50020	0.86389	-0.05904	-0.05629	0.03560	0.99778	182.6712	-132.3187	850.0661	0.78899	0.55423	0.26518	-0.59603	0.79519	0.11141	-0.14912	-0.24596	0.95774	
7	-057.3311	030.2379	870.3325	0.99544	0.01151	0.09468	-0.00926	0.99967	-0.02416	-0.09492	0.02318	0.99521	-193.3783	-024.4964	883.7071	-0.03785	0.99474	0.09523	-0.99927	-0.03713	-0.00939	-0.00580	-0.09551	0.99541	-141.2834	-036.2192	879.0376	0.99116	-0.01181	0.13214	0.00320	0.99787	0.06521	-0.13263	-0.06421	0.98908	-091.4817	-037.7412	874.5126	0.99054	0.03862	0.13167	-0.04017	0.99915	0.00913	-0.13120	-0.01434	0.99125	-042.4544	-041.7016	870.5851	0.99076	0.11279	0.07529	-0.11327	0.99356	0.00217	-0.07456	-0.01068	0.99716	007.4247	-049.8438	865.9049	0.97532	0.17536	0.13417	-0.17851	0.98387	0.01171	-0.12996	-0.03538	0.99089	053.9570	-063.3463	862.2348	0.95737	0.27988	0.07145	-0.28149	0.95947	0.01333	-0.06483	-0.03288	0.99735	100.9672	-081.5221	857.8071	0.91560	0.39664	0.06603	-0.39683	0.91783	-0.01074	-0.06486	-0.01637	0.99776	143.1358	-103.4775	854.6353	0.86621	0.49592	0.06113	-0.49581	0.86824	-0.01816	-0.06209	-0.01458	0.99796	182.6712	-132.3172	850.0661	0.78905	0.55433	0.26478	-0.59608	0.79512	0.11171	-0.14860	-0.24598	0.95782	
8	-057.3324	030.2370	870.3259	0.99539	0.01160	0.09524	-0.00936	0.99967	-0.02394	-0.09549	0.02294	0.99517	-193.3828	-024.5020	883.7890	-0.03829	0.99551	0.08654	-0.99909	-0.03653	-0.02181	-0.01855	-0.08730	0.99601	-141.2799	-036.2194	879.0299	0.99161	-0.01127	0.12879	0.00424	0.99849	0.05473	-0.12922	-0.05373	0.99016	-091.4790	-037.7423	874.5105	0.99026	0.03794	0.13395	-0.04028	0.99908	0.01480	-0.13326	-0.02005	0.99088	-042.4522	-041.7042	870.5958	0.99042	0.11187	0.08100	-0.11341	0.99344	0.01468	-0.07883	-0.02372	0.99661	007.4261	-049.8438	865.9044	0.97567	0.17566	0.13122	-0.17858	0.98387	0.01076	-0.12721	-0.03393	0.99129	053.9612	-063.3466	862.3112	0.95738	0.27958	0.07244	-0.28162	0.95933	0.01942	-0.06406	-0.03899	0.99718	100.9689	-081.5248	857.8464	0.91561	0.39631	0.06781	-0.39671	0.91791	-0.00809	-0.06545	-0.01949	0.99767	143.1244	-103.4804	854.0686	0.86227	0.50522	0.03518	-0.49820	0.85867	-0.12037	-0.09102	0.08627	0.99211	182.6215	-132.3276	850.0251	0.79611	0.58942	0.13706	-0.59858	0.80029	0.03521	-0.08893	-0.11007	0.98994	
9	-057.3327	030.2373	870.3365	0.99536	0.01162	0.09547	-0.00947	0.99969	-0.02291	-0.09571	0.02190	0.99517	-193.3828	-024.4982	883.7890	-0.03828	0.99551	0.08655	-0.99910	-0.03654	-0.02164	-0.01838	-0.08730	0.99601	-141.2769	-036.2186	879.0109	0.99057	-0.01368	0.13631	0.00435	0.99764	0.06846	-0.13692	-0.06722	0.98830	-091.4790	-037.7423	874.5078	0.99026	0.03794	0.13395	-0.04028	0.99908	0.01480	-0.13326	-0.02005	0.99088	-042.4494	-041.7042	870.6161	0.99039	0.11067	0.08296	-0.11337	0.99314	0.02860	-0.07922	-0.03773	0.99614	007.4276	-049.8437	865.9041	0.97601	0.17594	0.12826	-0.17864	0.98387	0.00980	-0.12447	-0.03248	0.99169	053.9612	-063.3470	862.2765	0.95738	0.27958	0.07244	-0.28162	0.95933	0.01942	-0.06406	-0.03899	0.99718	100.9718	-081.5226	857.8784	0.91578	0.39565	0.06936	-0.39638	0.91808	-0.00358	-0.06510	-0.02422	0.99759	143.1059	-103.4614	853.9327	0.86275	0.50160	0.06372	-0.49831	0.86485	-0.06103	-0.08572	0.02090	0.99610	182.6262	-132.3342	850.0233	0.79640	0.59778	0.09171	-0.60159	0.79858	0.01886	-0.06196	-0.07019	0.99561	
10	-057.3332	030.2377	870.3430	0.99540	0.01153	0.09516	-0.00945	0.99971	-0.02235	-0.09539	0.02135	0.99521	-193.3711	-024.5299	883.7020	-0.03866	0.99307	0.11100	-0.99911	-0.03656	-0.02089	-0.01668	-0.11171	0.99360	-141.2765	-036.2188	879.0199	0.99119	-0.01243	0.13183	0.00422	0.99805	0.06234	-0.13234	-0.06124	0.98931	-091.4789	-037.7429	874.5106	0.99035	0.03855	0.13311	-0.04068	0.99908	0.01329	-0.13247	-0.01857	0.99101	-042.4494	-041.7045	870.6161	0.99039	0.11067	0.08295	-0.11337	0.99314	0.02858	-0.07922	-0.03771	0.99614	007.4357	-049.8422	865.9078	0.97635	0.17682	0.12440	-0.17830	0.98398	0.00074	-0.12227	-0.02290	0.99223	053.9592	-063.3473	862.2905	0.95740	0.27948	0.07267	-0.28159	0.95932	0.02044	-0.06400	-0.04003	0.99715	100.9718	-081.5249	857.8784	0.91577	0.39567	0.06936	-0.39639	0.91807	-0.00358	-0.06510	-0.02422	0.99759	143.1057	-103.4787	853.9055	0.86407	0.50051	0.05359	-0.49744	0.86533	-0.06136	-0.07708	0.02637	0.99668	182.5864	-132.3295	849.4148	0.78883	0.56869	0.23312	-0.59831	0.79731	0.07953	-0.14064	-0.20222	0.96919	
11	-057.3299	030.2502	870.3210	0.99544	0.01147	0.09466	-0.00908	0.99963	-0.02561	-0.09492	0.02463	0.99518	-193.3550	-024.5047	884.3693	-0.03998	0.99406	0.10126	-0.99918	-0.03920	-0.00972	-0.00570	-0.10157	0.99481	-141.4200	-036.7212	878.9396	0.98955	-0.00067	0.14418	-0.00923	0.99764	0.06800	-0.14388	-0.06862	0.98721	-091.6980	-039.0941	874.5247	0.99188	0.05306	0.11557	-0.06081	0.99606	0.06459	-0.11169	-0.07109	0.99120	-042.7720	-043.8454	870.5035	0.98825	0.12469	0.08835	-0.12884	0.99074	0.04289	-0.08219	-0.05377	0.99517	0 	 0	0	0 	 0	0	0 	 0	0	0 	 0	0	053.4980	-066.6577	862.0856	0.95407	0.28635	0.08808	-0.29067	0.95596	0.04067	-0.07255	-0.06440	0.99528	100.4890	-085.0070	857.7119	0.91273	0.40027	0.08190	-0.39934	0.91637	-0.02810	-0.08630	-0.00706	0.99624	142.5309	-107.0046	853.3718	0.86188	0.49941	0.08807	-0.49693	0.86637	-0.04968	-0.10111	-0.00095	0.99487	181.9906	-135.9750	849.2939	0.79364	0.60288	0.08167	-0.60220	0.79755	-0.03554	-0.08656	-0.02098	0.99603	
12	-057.3297	030.2503	870.3193	0.99539	0.01143	0.09518	-0.00918	0.99967	-0.02400	-0.09543	0.02302	0.99517	-193.3256	-024.4818	883.1157	-0.04129	0.99741	0.05883	-0.99914	-0.04093	-0.00722	-0.00480	-0.05907	0.99824	-141.4200	-036.7212	878.9396	0.98954	-0.00062	0.14426	-0.00929	0.99764	0.06799	-0.14396	-0.06862	0.98720	-091.6982	-039.0888	874.5277	0.99237	0.05308	0.11127	-0.06077	0.99591	0.06688	-0.10727	-0.07313	0.99154	-042.7720	-043.8455	870.5035	0.98824	0.12478	0.08835	-0.12892	0.99073	0.04288	-0.08218	-0.05377	0.99517	007.0738	-052.6819	865.7303	0.97892	0.19338	0.06577	-0.19228	0.98108	-0.02277	-0.06893	0.00965	0.99758	053.4978	-066.6571	862.1134	0.95366	0.28541	0.09531	-0.29026	0.95605	0.04142	-0.07930	-0.06717	0.99459	100.4895	-085.0056	857.7065	0.91293	0.40054	0.07833	-0.39938	0.91627	-0.03057	-0.08402	-0.00338	0.99646	142.5339	-107.0069	853.3908	0.86151	0.49881	0.09483	-0.49694	0.86666	-0.04410	-0.10419	-0.00913	0.99452	181.9902	-135.9708	849.2967	0.79366	0.60193	0.08822	-0.60210	0.79794	-0.02768	-0.08705	-0.03115	0.99572	
13	-057.3297	030.2503	870.3300	0.99536	0.01126	0.09560	-0.00924	0.99973	-0.02154	-0.09581	0.02056	0.99519	-193.3407	-024.4785	883.6804	-0.04129	0.99741	0.05883	-0.99914	-0.04093	-0.00722	-0.00480	-0.05907	0.99824	-141.4204	-036.7208	878.9442	0.98929	-0.00122	0.14599	-0.00949	0.99731	0.07267	-0.14568	-0.07328	0.98661	-091.6990	-039.0918	874.5332	0.99264	0.05423	0.10829	-0.06085	0.99642	0.05877	-0.10471	-0.06493	0.99238	-042.7715	-043.8448	870.4981	0.98858	0.12605	0.08263	-0.12856	0.99137	0.02578	-0.07867	-0.03611	0.99625	007.0738	-052.6819	865.7303	0.97892	0.19338	0.06577	-0.19228	0.98108	-0.02277	-0.06893	0.00965	0.99758	053.5003	-066.6550	862.1145	0.95412	0.28701	0.08535	-0.29023	0.95655	0.02782	-0.07366	-0.05132	0.99596	100.4897	-085.0099	857.7133	0.91265	0.39910	0.08820	-0.39863	0.91681	-0.02369	-0.09032	-0.01354	0.99582	142.5351	-107.0086	853.4014	0.86167	0.49811	0.09706	-0.49668	0.86701	-0.04010	-0.10412	-0.01365	0.99447	181.9905	-135.9737	849.3057	0.79371	0.60233	0.08498	-0.60205	0.79782	-0.03185	-0.08698	-0.02588	0.99587	
14	-057.3292	030.2490	870.3218	0.99542	0.01146	0.09488	-0.00918	0.99966	-0.02444	-0.09513	0.02346	0.99519	-193.3447	-024.5004	883.7861	-0.03556	0.99274	0.11492	-0.99936	-0.03572	-0.00072	0.00339	-0.11487	0.99337	-141.4208	-036.7202	878.9487	0.98903	-0.00183	0.14772	-0.00971	0.99696	0.07731	-0.14741	-0.07790	0.98600	-091.6995	-039.0945	874.5438	0.99235	0.05271	0.11167	-0.06065	0.99578	0.06885	-0.10757	-0.07510	0.99136	-042.7716	-043.8442	870.5252	0.98899	0.12585	0.07783	-0.12972	0.99044	0.04692	-0.07118	-0.05650	0.99586	007.0913	-052.7264	866.1089	0.97690	0.18385	0.10895	-0.19229	0.97864	0.07273	-0.09325	-0.09200	0.99138	053.5003	-066.6550	862.1145	0.95412	0.28701	0.08536	-0.29023	0.95655	0.02782	-0.07367	-0.05132	0.99596	100.4934	-085.0118	857.7309	0.91281	0.39867	0.08849	-0.39869	0.91690	-0.01823	-0.08841	-0.01864	0.99591	142.5367	-107.0093	853.4105	0.86185	0.49846	0.09356	-0.49671	0.86686	-0.04276	-0.10242	-0.00962	0.99470	181.9953	-135.9765	849.3218	0.79365	0.60191	0.08843	-0.60192	0.79801	-0.02955	-0.08836	-0.02978	0.99564	
15	-057.3286	030.2489	870.3213	0.99546	0.01135	0.09452	-0.00914	0.99968	-0.02373	-0.09476	0.02276	0.99524	-193.3447	-024.4897	883.8233	-0.03918	0.99575	0.08334	-0.99910	-0.03767	-0.01962	-0.01640	-0.08404	0.99633	-141.4214	-036.7190	878.9587	0.98974	-0.00103	0.14290	-0.00933	0.99737	0.07183	-0.14260	-0.07242	0.98713	-091.7003	-039.0920	874.5386	0.99173	0.05227	0.11722	-0.06119	0.99539	0.07381	-0.11282	-0.08037	0.99036	-042.7718	-043.8390	870.4936	0.98842	0.12587	0.08475	-0.12937	0.99090	0.03723	-0.07930	-0.04776	0.99571	007.0913	-052.7264	866.1089	0.97690	0.18385	0.10895	-0.19229	0.97864	0.07273	-0.09325	-0.09200	0.99138	053.5025	-066.6535	862.1054	0.95439	0.28820	0.07797	-0.29046	0.95670	0.01913	-0.06908	-0.04091	0.99677	100.4949	-085.0115	857.7348	0.91316	0.40059	0.07530	-0.39907	0.91626	-0.03484	-0.08295	0.00177	0.99655	142.5367	-107.0095	853.4089	0.86180	0.49863	0.09309	-0.49672	0.86678	-0.04430	-0.10277	-0.00806	0.99467	181.9955	-135.9779	849.3194	0.79371	0.60311	0.07932	-0.60213	0.79747	-0.03840	-0.08641	-0.01729	0.99611	
16	-057.3282	030.2499	870.3206	0.99550	0.01136	0.09410	-0.00905	0.99965	-0.02486	-0.09435	0.02390	0.99525	-193.3477	-024.4859	883.8185	-0.03976	0.99449	0.09701	-0.99916	-0.04049	0.00559	0.00949	-0.09671	0.99527	-141.4206	-036.7199	878.9618	0.98975	-0.00052	0.14283	-0.01000	0.99728	0.07297	-0.14248	-0.07365	0.98705	-091.7003	-039.0940	874.5386	0.99173	0.05228	0.11722	-0.06119	0.99540	0.07377	-0.11282	-0.08033	0.99036	-042.7724	-043.8376	870.4861	0.98832	0.12585	0.08593	-0.12943	0.99088	0.03739	-0.08044	-0.04807	0.99560	007.1013	-052.7282	866.1992	0.97598	0.17977	0.12306	-0.19287	0.97566	0.10436	-0.10131	-0.12559	0.98690	053.5054	-066.6512	862.0968	0.95463	0.28931	0.07058	-0.29072	0.95675	0.01045	-0.06450	-0.03050	0.99745	100.4949	-085.0115	857.7308	0.91286	0.39989	0.08234	-0.39918	0.91651	-0.02572	-0.08575	-0.00939	0.99627	142.5363	-107.0097	853.3880	0.86173	0.49929	0.09016	-0.49702	0.86643	-0.04768	-0.10193	-0.00372	0.99479	181.9955	-135.9794	849.3252	0.79381	0.60306	0.07861	-0.60200	0.79753	-0.03919	-0.08633	-0.01621	0.99614	
17	-057.3283	030.2497	870.3203	0.99547	0.01123	0.09440	-0.00904	0.99968	-0.02359	-0.09463	0.02263	0.99526	-193.3524	-024.4977	883.9024	-0.03964	0.99552	0.08587	-0.99921	-0.03915	-0.00735	-0.00395	-0.08610	0.99628	-141.4224	-036.7193	878.9685	0.98953	-0.00095	0.14431	-0.00880	0.99772	0.06691	-0.14405	-0.06748	0.98727	-091.7007	-039.0943	874.5378	0.99171	0.05132	0.11784	-0.06073	0.99513	0.07769	-0.11328	-0.08420	0.98999	-042.7720	-043.8386	870.4801	0.98857	0.12589	0.08297	-0.12892	0.99113	0.03224	-0.07817	-0.04257	0.99603	007.1139	-052.7242	866.2888	0.97495	0.17522	0.13702	-0.19371	0.97160	0.13587	-0.10932	-0.15901	0.98121	053.5075	-066.6476	862.0964	0.95464	0.28939	0.07010	-0.29094	0.95666	0.01275	-0.06337	-0.03256	0.99746	100.4960	-085.0110	857.7329	0.91327	0.40007	0.07668	-0.39875	0.91648	-0.03253	-0.08329	-0.00087	0.99652	142.5352	-107.0052	853.3779	0.86214	0.49922	0.08657	-0.49694	0.86647	-0.04772	-0.09883	-0.00188	0.99510	181.9960	-135.9804	849.3301	0.79403	0.60157	0.08732	-0.60205	0.79810	-0.02372	-0.08396	-0.03374	0.99590	
18	-057.3251	030.2487	870.3085	0.99553	0.01141	0.09374	-0.00903	0.99963	-0.02580	-0.09399	0.02484	0.99526	-193.3606	-024.4978	883.8588	-0.03969	0.99565	0.08429	-0.99921	-0.03959	-0.00281	0.00054	-0.08434	0.99644	-141.4269	-036.7232	878.9846	0.98910	-0.00100	0.14723	-0.01086	0.99676	0.07975	-0.14683	-0.08048	0.98588	-091.7025	-039.0940	874.5346	0.99208	0.05433	0.11325	-0.06024	0.99696	0.04950	-0.11021	-0.05593	0.99233	-042.7727	-043.8363	870.4663	0.98819	0.12510	0.08846	-0.12888	0.99092	0.03842	-0.08285	-0.04936	0.99534	007.0938	-052.7287	866.0937	0.97877	0.18822	0.08120	-0.19026	0.98157	0.01818	-0.07628	-0.03324	0.99653	053.5075	-066.6476	862.0964	0.95469	0.28925	0.07001	-0.29077	0.95671	0.01246	-0.06337	-0.03226	0.99747	100.4960	-085.0107	857.7443	0.91304	0.39910	0.08415	-0.39895	0.91677	-0.01936	-0.08487	-0.01590	0.99626	142.5339	-107.0037	853.3825	0.86221	0.49955	0.08391	-0.49708	0.86628	-0.04962	-0.09748	0.00108	0.99524	181.9942	-135.9812	849.3250	0.79389	0.60217	0.08446	-0.60209	0.79789	-0.02934	-0.08506	-0.02756	0.99599	
19	-057.3252	030.2478	870.3178	0.99547	0.01129	0.09437	-0.00909	0.99968	-0.02378	-0.09460	0.02281	0.99525	-193.3620	-024.4951	883.8044	-0.03930	0.99597	0.08066	-0.99922	-0.03892	-0.00627	-0.00311	-0.08085	0.99672	-141.4387	-036.7268	879.0170	0.98836	-0.00247	0.15214	-0.00870	0.99731	0.07271	-0.15191	-0.07319	0.98568	-091.6998	-039.0939	874.5360	0.99128	0.05241	0.12087	-0.06075	0.99594	0.06640	-0.11690	-0.07316	0.99044	-042.7733	-043.8356	870.4782	0.98815	0.12446	0.08981	-0.12953	0.99016	0.05304	-0.08233	-0.06404	0.99455	007.0842	-052.7287	866.0937	0.97877	0.18822	0.08120	-0.19026	0.98157	0.01818	-0.07628	-0.03324	0.99653	053.5062	-066.6454	862.0732	0.95461	0.28933	0.07075	-0.29068	0.95677	0.00941	-0.06497	-0.02955	0.99745	100.4966	-085.0102	857.7602	0.91321	0.39884	0.08344	-0.39855	0.91691	-0.02089	-0.08484	-0.01418	0.99629	142.5365	-107.0027	853.3917	0.86176	0.49871	0.09304	-0.49728	0.86668	-0.03972	-0.10044	-0.01203	0.99487	181.9926	-135.9818	849.3185	0.79394	0.60336	0.07498	-0.60240	0.79732	-0.03731	-0.08229	-0.01555	0.99649	
20	-057.3259	030.2482	870.3267	0.99538	0.01135	0.09530	-0.00915	0.99968	-0.02350	-0.09553	0.02252	0.99517	-193.3617	-024.4938	883.8501	-0.03895	0.99543	0.08716	-0.99921	-0.03811	-0.01128	-0.00790	-0.08753	0.99613	-141.4457	-036.7293	879.0598	0.98989	-0.00055	0.14184	-0.01091	0.99673	0.08003	-0.14142	-0.08077	0.98665	-091.6982	-039.0944	874.5224	0.99112	0.05164	0.12254	-0.06057	0.99568	0.07031	-0.11838	-0.07711	0.98997	-042.7733	-043.8357	870.4782	0.98815	0.12446	0.08981	-0.12953	0.99016	0.05302	-0.08232	-0.06402	0.99455	007.0817	-052.7263	866.0994	0.97897	0.18834	0.07841	-0.18994	0.98170	0.01347	-0.07444	-0.02808	0.99683	053.5092	-066.6429	862.0923	0.95481	0.28926	0.06833	-0.29071	0.95673	0.01205	-0.06189	-0.03138	0.99759	100.4968	-085.0087	857.7633	0.91323	0.39966	0.07923	-0.39908	0.91661	-0.02371	-0.08210	-0.00997	0.99657	142.5379	-107.0014	853.3769	0.86220	0.49902	0.08712	-0.49701	0.86658	-0.04496	-0.09793	-0.00453	0.99518	181.9926	-135.9818	849.3192	0.79403	0.60327	0.07474	-0.60233	0.79738	-0.03712	-0.08199	-0.01555	0.99651	
21	-057.3355	030.2513	870.3456	0.99542	0.01123	0.09494	-0.00922	0.99972	-0.02159	-0.09515	0.02062	0.99525	-193.3822	-024.4815	883.7234	-0.03983	0.99565	0.08426	-0.99921	-0.03974	-0.00284	0.00052	-0.08430	0.99644	-141.5969	-037.1684	879.0319	0.99265	0.01513	0.12007	-0.02008	0.99899	0.04008	-0.11934	-0.04219	0.99196	-091.9266	-039.8969	874.8836	0.98945	0.04608	0.13736	-0.08437	0.95400	0.28771	-0.11778	-0.29626	0.94782	-043.0707	-045.7163	870.0887	0.98589	0.14510	0.08347	-0.14294	0.98924	-0.03133	-0.08712	0.01895	0.99602	006.7903	-055.0364	865.4823	0.97749	0.19336	0.08438	-0.19696	0.97973	0.03651	-0.07561	-0.05231	0.99576	053.1948	-069.0246	861.6821	0.95381	0.29089	0.07496	-0.29340	0.95567	0.02463	-0.06447	-0.04548	0.99688	100.2395	-087.3598	857.5541	0.91410	0.39509	0.09121	-0.39820	0.91712	0.01801	-0.07654	-0.05278	0.99567	142.2549	-109.3884	852.9736	0.85661	0.49171	0.15634	-0.49437	0.86892	-0.02415	-0.14772	-0.05660	0.98741	181.5212	-138.4136	848.6470	0.79242	0.60986	0.01223	-0.60442	0.78774	-0.11890	-0.08214	0.08683	0.99283	
22	-057.3376	030.2513	870.3691	0.99540	0.01107	0.09517	-0.00916	0.99975	-0.02051	-0.09537	0.01954	0.99525	-193.3822	-024.4815	883.7234	-0.03984	0.99565	0.08425	-0.99921	-0.03973	-0.00294	0.00042	-0.08430	0.99644	-141.5971	-037.1680	879.0380	0.99251	0.01498	0.12122	-0.02028	0.99889	0.04256	-0.12045	-0.04470	0.99171	-091.9637	-040.0530	874.8836	0.98891	0.04461	0.14167	-0.08432	0.95384	0.28824	-0.12227	-0.29699	0.94702	-043.0707	-045.7163	870.0887	0.98589	0.14512	0.08344	-0.14294	0.98923	-0.03151	-0.08712	0.01914	0.99601	006.7903	-055.0364	865.4823	0.97749	0.19336	0.08438	-0.19696	0.97973	0.03651	-0.07561	-0.05231	0.99576	053.1945	-069.0381	861.7078	0.95587	0.28631	0.06583	-0.29000	0.95540	0.05568	-0.04695	-0.07231	0.99628	100.2782	-087.4342	858.1780	0.91714	0.39626	0.04278	-0.39792	0.91647	0.04176	-0.02266	-0.05532	0.99821	142.2788	-109.4158	853.7278	0.86017	0.50254	0.08701	-0.49831	0.86444	-0.06647	-0.10862	0.01382	0.99399	181.5212	-138.4136	848.6470	0.79242	0.60986	0.01224	-0.60442	0.78774	-0.11891	-0.08216	0.08683	0.99283	
23	-057.3343	030.2517	870.3583	0.99544	0.01120	0.09476	-0.00912	0.99971	-0.02231	-0.09499	0.02134	0.99525	-193.4761	-024.4104	884.2467	-0.03788	0.99824	0.04566	-0.99705	-0.03470	-0.06844	-0.06673	-0.04812	0.99661	-141.5974	-037.1680	879.0380	0.99251	0.01498	0.12122	-0.02028	0.99889	0.04256	-0.12045	-0.04470	0.99171	-091.9518	-040.1970	874.5422	0.98505	0.06327	0.16025	-0.07154	0.99636	0.04640	-0.15673	-0.05717	0.98598	-043.0262	-045.7272	870.8038	0.98745	0.14568	0.06102	-0.14669	0.98910	0.01241	-0.05855	-0.02121	0.99806	006.8059	-055.0399	865.9293	0.97215	0.18699	0.14125	-0.19641	0.97893	0.05583	-0.12784	-0.08202	0.98840	053.2930	-069.1092	862.8389	0.95079	0.30014	0.07691	-0.29949	0.95389	-0.02017	-0.07942	-0.00386	0.99683	100.2782	-087.4342	858.1780	0.91705	0.39606	0.04646	-0.39788	0.91656	0.04016	-0.02668	-0.05532	0.99811	142.2909	-109.4158	853.4881	0.86017	0.50248	0.08732	-0.49831	0.86449	-0.06593	-0.10862	0.01320	0.99400	181.7048	-138.4629	850.2782	0.79320	0.60728	0.04522	-0.60133	0.79282	-0.09924	-0.09612	0.05153	0.99404	
24	-057.3343	030.2520	870.3356	0.99548	0.01139	0.09427	-0.00908	0.99965	-0.02487	-0.09452	0.02391	0.99524	-193.4522	-024.4926	884.1459	-0.03696	0.99640	0.07624	-0.99889	-0.03461	-0.03191	-0.02916	-0.07733	0.99658	-141.5966	-037.1682	879.0388	0.99245	0.01485	0.12177	-0.02033	0.99883	0.04391	-0.12098	-0.04606	0.99159	-091.9518	-040.1970	874.5422	0.98505	0.06293	0.16039	-0.07154	0.99626	0.04851	-0.15673	-0.05926	0.98586	-043.0174	-045.7417	870.5642	0.98668	0.14602	0.07173	-0.14002	0.98670	-0.08263	-0.08284	0.07148	0.99400	006.8059	-055.0399	865.9293	0.97215	0.18699	0.14125	-0.19641	0.97893	0.05583	-0.12784	-0.08202	0.98840	053.3791	-069.1147	862.8170	0.95469	0.28737	0.07733	-0.29034	0.95645	0.03015	-0.06530	-0.05124	0.99655	100.2985	-087.4261	858.4611	0.91787	0.39589	0.02802	-0.39688	0.91577	0.06209	-0.00108	-0.06811	0.99768	142.3788	-109.4405	854.4171	0.86046	0.50562	0.06287	-0.50213	0.86244	-0.06373	-0.08644	0.02327	0.99599	181.8566	-138.5009	850.7893	0.79414	0.58758	0.15522	-0.60488	0.78893	0.10822	-0.05887	-0.17983	0.98193	
25	-057.3336	030.2522	870.3437	0.99546	0.01133	0.09447	-0.00909	0.99967	-0.02404	-0.09471	0.02307	0.99524	-193.4436	-024.4894	884.0434	-0.03804	0.99613	0.07919	-0.99905	-0.03622	-0.02435	-0.02139	-0.08004	0.99656	-141.5960	-037.1681	879.0452	0.99044	0.01115	0.13747	-0.01946	0.99805	0.05924	-0.13655	-0.06135	0.98873	-091.9456	-040.2248	874.5282	0.98562	0.06306	0.15677	-0.07081	0.99650	0.04434	-0.15343	-0.05480	0.98664	-043.0068	-045.7466	870.6001	0.98810	0.14628	0.04760	-0.14472	0.98887	-0.03461	-0.05213	0.02731	0.99827	006.8244	-055.0368	865.9103	0.97422	0.19670	0.11044	-0.19498	0.98046	-0.02623	-0.11344	0.00402	0.99354	053.3545	-069.1072	862.7679	0.95483	0.28878	0.07004	-0.29312	0.95403	0.06248	-0.04878	-0.08019	0.99559	100.3704	-087.4851	858.6833	0.91161	0.38330	0.14851	-0.39575	0.91605	0.06500	-0.11113	-0.11803	0.98677	142.3599	-109.4388	853.9284	0.86264	0.48547	0.14203	-0.48775	0.87274	-0.02069	-0.13400	-0.05143	0.98965	181.7879	-138.4697	849.9514	0.79505	0.60634	0.01557	-0.60090	0.79089	-0.11581	-0.08254	0.08271	0.99315	
26	-057.3333	030.2529	870.3522	0.99549	0.01125	0.09420	-0.00910	0.99969	-0.02327	-0.09443	0.02231	0.99528	-193.4099	-024.4871	883.4769	-0.03776	0.99446	0.09806	-0.99918	-0.03900	0.01080	0.01457	-0.09757	0.99512	-141.5960	-037.1681	879.0452	0.99046	0.01116	0.13736	-0.01946	0.99805	0.05924	-0.13643	-0.06135	0.98875	-091.9401	-040.2386	874.4223	0.98968	0.06977	0.12518	-0.07468	0.99659	0.03496	-0.12232	-0.04394	0.99152	-043.0118	-045.7471	870.4978	0.98719	0.14405	0.06865	-0.14181	0.98922	-0.03649	-0.07317	0.02629	0.99697	006.8244	-055.0368	865.9103	0.97422	0.19670	0.11044	-0.19498	0.98046	-0.02623	-0.11344	0.00402	0.99354	053.3545	-069.1072	862.7485	0.95483	0.28878	0.07004	-0.29312	0.95403	0.06248	-0.04878	-0.08019	0.99559	100.3704	-087.4684	858.6833	0.91161	0.38330	0.14847	-0.39576	0.91605	0.06501	-0.11109	-0.11803	0.98678	142.3450	-109.4392	853.7768	0.86226	0.49276	0.11702	-0.49183	0.86983	-0.03872	-0.12087	-0.02417	0.99237	181.7547	-138.4697	849.9514	0.79505	0.60637	0.01419	-0.60113	0.79087	-0.11478	-0.08082	0.08273	0.99329	
27	-057.3342	030.2527	870.3609	0.99538	0.01134	0.09539	-0.00921	0.99970	-0.02279	-0.09562	0.02181	0.99518	-193.4286	-024.5038	884.1150	-0.03945	0.99720	0.06354	-0.99874	-0.03737	-0.03356	-0.03109	-0.06479	0.99741	-141.5962	-037.1680	879.0451	0.98994	0.01018	0.14112	-0.01922	0.99784	0.06287	-0.14018	-0.06495	0.98799	-091.9432	-040.5244	873.2199	0.99598	0.04124	0.07946	-0.05551	0.98084	0.18676	-0.07024	-0.19042	0.97919	-043.0153	-045.7409	870.4303	0.98721	0.14553	0.06502	-0.14269	0.98868	-0.04639	-0.07103	0.03652	0.99681	006.8298	-055.0350	865.8980	0.97482	0.19934	0.09997	-0.19477	0.97938	-0.05358	-0.10859	0.03276	0.99355	053.2442	-069.0767	862.1883	0.95561	0.28902	0.05718	-0.29079	0.95645	0.02540	-0.04735	-0.04090	0.99804	100.2938	-087.4090	857.8980	0.91581	0.40161	0.00214	-0.39947	0.91143	-0.09857	-0.04154	0.08941	0.99513	142.2497	-109.4352	852.9138	0.86268	0.50391	0.04321	-0.50117	0.86320	-0.06090	-0.06799	0.03088	0.99721	181.6744	-138.3982	848.8479	0.79418	0.60765	-0.00632	-0.60303	0.78676	-0.13177	-0.07510	0.10846	0.99126	
28	-057.3337	030.2527	870.3556	0.99545	0.01127	0.09457	-0.00911	0.99969	-0.02321	-0.09480	0.02224	0.99525	-193.4117	-024.4385	883.9803	-0.03897	0.98867	0.14498	-0.99888	-0.04243	0.02086	0.02678	-0.14401	0.98921	-141.5964	-037.1688	879.0717	0.99146	0.01184	0.12990	-0.01982	0.99798	0.06032	-0.12893	-0.06238	0.98969	-091.8733	-040.0359	876.0291	0.96662	0.08885	0.24030	-0.08062	0.99578	-0.04389	-0.24318	0.02305	0.96971	-043.0287	-045.7385	870.4229	0.98767	0.14656	0.05505	-0.14456	0.98874	-0.03875	-0.06011	0.03031	0.99773	006.8357	-055.0319	865.8868	0.97536	0.20167	0.08943	-0.19470	0.97752	-0.08089	-0.10374	0.06149	0.99270	053.1956	-069.1177	861.7543	0.96257	0.26842	0.03740	-0.27031	0.94088	0.20417	0.01962	-0.20664	0.97822	100.2938	-087.4090	857.8980	0.91580	0.40162	0.00219	-0.39947	0.91143	-0.09859	-0.04159	0.08941	0.99513	142.1612	-109.3655	852.1883	0.86263	0.50543	0.02019	-0.49944	0.85737	-0.12439	-0.08018	0.09722	0.99203	181.6259	-138.3982	848.4129	0.79418	0.60765	-0.00632	-0.60303	0.78676	-0.13177	-0.07510	0.10846	0.99126	
29	-057.3333	030.2535	870.3505	0.99551	0.01135	0.09397	-0.00911	0.99966	-0.02423	-0.09421	0.02327	0.99528	-193.4101	-024.4385	884.0286	-0.03897	0.98954	0.13892	-0.99888	-0.04230	0.02112	0.02678	-0.13794	0.99008	-141.5964	-037.1688	879.0649	0.99146	0.01182	0.12991	-0.01983	0.99797	0.06050	-0.12893	-0.06256	0.98968	-091.8733	-040.1941	876.0291	0.96662	0.08885	0.24030	-0.08062	0.99578	-0.04389	-0.24318	0.02305	0.96971	-043.0890	-045.6805	869.5025	0.98857	0.14918	0.02187	-0.14553	0.98202	-0.12028	-0.03942	0.11572	0.99250	006.8417	-055.0289	865.8757	0.97585	0.20370	0.07883	-0.19476	0.97487	-0.10814	-0.09887	0.09018	0.99101	053.1976	-068.9945	861.5911	0.94423	0.31381	0.09975	-0.29978	0.94457	-0.13387	-0.13623	0.09650	0.98597	100.1253	-087.3178	856.2797	0.91433	0.40482	0.01109	-0.39897	0.90513	-0.14683	-0.06948	0.12983	0.98910	142.0732	-109.3862	851.7509	0.85636	0.49410	0.15002	-0.49834	0.86692	-0.01058	-0.13529	-0.06570	0.98863	181.5934	-138.3564	847.8549	0.79415	0.60711	-0.02727	-0.60322	0.78202	-0.15676	-0.07385	0.14094	0.98726	
30	-057.3334	030.2531	870.3469	0.99543	0.01123	0.09482	-0.00907	0.99969	-0.02326	-0.09505	0.02229	0.99522	-193.4068	-024.4084	883.9278	-0.03789	0.98465	0.17039	-0.99810	-0.04557	0.04136	0.04849	-0.16850	0.98451	-141.5970	-037.1692	879.0683	0.99212	0.01281	0.12461	-0.02010	0.99815	0.05743	-0.12364	-0.05948	0.99054	-091.9273	-040.1825	874.8354	0.99033	0.06175	0.12420	-0.08192	0.98296	0.16456	-0.11193	-0.17315	0.97852	-043.1048	-045.6846	870.0423	0.98335	0.12979	0.12716	-0.14414	0.98331	0.11099	-0.11063	-0.12747	0.98565	006.8478	-055.0256	865.8650	0.97630	0.20542	0.06816	-0.19495	0.97144	-0.13530	-0.09401	0.11880	0.98846	053.1976	-068.9945	861.6415	0.94423	0.31381	0.09975	-0.29978	0.94457	-0.13387	-0.13623	0.09650	0.98597	100.0722	-087.3575	856.5231	0.91507	0.39726	0.06953	-0.39598	0.91770	-0.03195	-0.07650	0.00170	0.99707	142.0680	-109.3692	851.8307	0.85742	0.49814	0.12918	-0.49467	0.86701	-0.05998	-0.14188	-0.01248	0.98981	181.4317	-138.3742	847.4162	0.79417	0.59979	0.09771	-0.60326	0.79751	0.00764	-0.07334	-0.06501	0.99519	
31	-057.3396	030.2554	870.2942	0.99538	0.01157	0.09527	-0.00921	0.99964	-0.02525	-0.09553	0.02426	0.99513	-193.3737	-024.4875	883.8003	-0.04027	0.99595	0.08037	-0.99919	-0.04035	-0.00070	0.00254	-0.08034	0.99676	-142.2650	-039.3415	878.3769	0.99487	0.08815	0.04960	-0.08127	0.98859	-0.12684	-0.06022	0.12215	0.99068	-093.4051	-046.4759	873.2961	0.98934	0.12073	0.08149	-0.13860	0.95232	0.27181	-0.04479	-0.28021	0.95889	-045.4302	-056.5596	870.2399	0.96603	0.24068	0.09409	-0.24081	0.97052	-0.01010	-0.09375	-0.01290	0.99551	0 	 0	0	0 	 0	0	0 	 0	0	0 	 0	0	048.6874	-088.0769	861.3093	0.93015	0.35575	0.09095	-0.36018	0.93212	0.03763	-0.07139	-0.06776	0.99514	094.9092	-109.1551	857.0773	0.89119	0.44528	0.08661	-0.44431	0.89533	-0.03119	-0.09143	-0.01068	0.99575	136.2675	-132.6092	852.1003	0.85031	0.52407	0.04817	-0.51747	0.84924	-0.10490	-0.09589	0.06427	0.99331	175.5127	-162.2034	848.1348	0.79051	0.57503	0.21078	-0.60628	0.78345	0.13647	-0.08666	-0.23567	0.96796	
32	-057.3393	030.2558	870.2950	0.99549	0.01158	0.09417	-0.00915	0.99962	-0.02616	-0.09443	0.02518	0.99521	-193.3727	-024.4863	883.7676	-0.03961	0.99613	0.07841	-0.99921	-0.03940	-0.00421	-0.00111	-0.07852	0.99691	-142.2811	-039.3573	879.5362	0.99067	0.06040	0.12219	-0.07438	0.99077	0.11330	-0.11421	-0.12133	0.98602	-093.4011	-046.7486	872.9666	0.99158	0.11007	0.06820	-0.12763	0.91975	0.37119	-0.02187	-0.37677	0.92605	-045.4323	-056.5587	870.2238	0.96548	0.24017	0.10087	-0.24064	0.97058	-0.00772	-0.09976	-0.01682	0.99487	0 	 0	0	0 	 0	0	0 	 0	0	0 	 0	0	048.6849	-088.0772	861.2519	0.93003	0.35615	0.09057	-0.36077	0.93177	0.04065	-0.06991	-0.07048	0.99506	094.9092	-109.1551	857.0773	0.89119	0.44528	0.08661	-0.44431	0.89533	-0.03119	-0.09143	-0.01069	0.99575	136.2686	-132.6150	852.1043	0.84811	0.52500	0.07133	-0.51991	0.85059	-0.07872	-0.10200	0.02968	0.99434	175.5127	-162.2034	848.1348	0.79051	0.57503	0.21078	-0.60628	0.78345	0.13647	-0.08666	-0.23567	0.96796	
33	-057.3399	030.2551	870.3132	0.99545	0.01138	0.09460	-0.00915	0.99967	-0.02393	-0.09484	0.02295	0.99523	-193.3737	-024.4853	883.7849	-0.03993	0.99564	0.08436	-0.99920	-0.04000	-0.00086	0.00252	-0.08432	0.99644	-142.2811	-039.3573	879.5362	0.99067	0.06039	0.12218	-0.07437	0.99077	0.11330	-0.11421	-0.12133	0.98602	-093.4039	-046.5979	875.4052	0.98082	0.18234	0.06887	-0.17190	0.97578	-0.13530	-0.09187	0.12087	0.98841	-045.4336	-056.5626	870.2351	0.96567	0.24013	0.09905	-0.24116	0.97048	-0.00157	-0.09650	-0.02237	0.99508	0 	 0	0	0 	 0	0	0 	 0	0	0 	 0	0	048.6968	-088.0878	861.3492	0.93065	0.35779	0.07666	-0.36054	0.93240	0.02531	-0.06242	-0.05119	0.99674	094.9092	-109.1551	857.0773	0.89119	0.44528	0.08661	-0.44431	0.89533	-0.03119	-0.09143	-0.01069	0.99575	136.3155	-132.7073	852.6805	0.84896	0.52811	-0.01902	-0.52692	0.84321	-0.10657	-0.04024	0.10049	0.99412	175.5399	-162.2575	848.3344	0.78920	0.60164	0.12325	-0.60774	0.79398	0.01577	-0.08837	-0.08735	0.99225	
34	-057.3392	030.2550	870.3049	0.99546	0.01139	0.09449	-0.00916	0.99967	-0.02396	-0.09473	0.02299	0.99524	-193.3742	-024.4830	883.7808	-0.04021	0.99579	0.08243	-0.99918	-0.04053	0.00214	0.00547	-0.08228	0.99659	-142.2631	-039.3804	879.5053	0.99178	0.07377	0.10458	-0.08906	0.98467	0.15000	-0.09191	-0.15808	0.98314	-093.4127	-046.4656	875.0338	0.97727	0.15304	0.14671	-0.17050	0.97864	0.11486	-0.12600	-0.13727	0.98249	-045.4338	-056.5640	870.2300	0.96585	0.24022	0.09712	-0.24074	0.97057	-0.00656	-0.09584	-0.01704	0.99525	0 	 0	0	0 	 0	0	0 	 0	0	0 	 0	0	048.7060	-088.0858	861.4118	0.92974	0.35594	0.09427	-0.36001	0.93247	0.02983	-0.07729	-0.06167	0.99510	094.9092	-109.1551	857.4047	0.89119	0.44528	0.08661	-0.44431	0.89533	-0.03119	-0.09143	-0.01069	0.99575	136.3714	-132.6831	852.9684	0.84631	0.51719	0.12757	-0.51946	0.85432	-0.01739	-0.11798	-0.05155	0.99168	175.5528	-162.2575	848.3344	0.78913	0.60004	0.13122	-0.60773	0.79374	0.02514	-0.08907	-0.09959	0.99103	
35	-057.3440	030.2547	870.3110	0.99529	0.01117	0.09625	-0.00917	0.99973	-0.02125	-0.09646	0.02027	0.99513	-193.3716	-024.4773	883.7603	-0.04014	0.99551	0.08571	-0.99919	-0.04034	0.00057	0.00402	-0.08562	0.99632	-142.2631	-039.3804	879.5053	0.99178	0.07377	0.10458	-0.08906	0.98467	0.15000	-0.09191	-0.15808	0.98314	-093.4068	-046.4421	874.8529	0.97980	0.15389	0.12773	-0.16472	0.98316	0.07909	-0.11341	-0.09853	0.98865	-045.4325	-056.5632	870.2248	0.96555	0.24021	0.10009	-0.24111	0.97049	-0.00310	-0.09788	-0.02114	0.99497	0 	 0	0	0 	 0	0	0 	 0	0	0 	 0	0	048.7028	-088.1097	861.4058	0.93243	0.35261	0.07895	-0.35738	0.93219	0.05742	-0.05335	-0.08175	0.99522	094.9092	-109.1551	857.4047	0.89119	0.44528	0.08661	-0.44431	0.89533	-0.03119	-0.09143	-0.01069	0.99575	136.3916	-132.6806	853.0270	0.84632	0.51963	0.11718	-0.51889	0.85394	-0.03912	-0.12039	-0.02769	0.99234	175.5625	-162.2774	848.3882	0.78891	0.60628	0.10018	-0.60802	0.79376	-0.01563	-0.08900	-0.04858	0.99485	
36	-057.3463	030.2547	870.2878	0.99538	0.01130	0.09532	-0.00907	0.99968	-0.02378	-0.09555	0.02280	0.99516	-193.3732	-024.4773	883.7603	-0.04024	0.99551	0.08571	-0.99918	-0.04043	0.00056	0.00402	-0.08561	0.99632	-142.2556	-039.3787	879.6083	0.99148	0.07412	0.10714	-0.09362	0.97725	0.19032	-0.09060	-0.19873	0.97586	-093.4079	-046.4421	874.8529	0.97980	0.15389	0.12773	-0.16472	0.98316	0.07909	-0.11341	-0.09853	0.98865	-045.4313	-056.5643	870.2278	0.96566	0.24076	0.09764	-0.24105	0.97047	-0.00896	-0.09691	-0.01489	0.99518	003.3512	-070.5187	865.5282	0.94907	0.27929	0.14583	-0.27956	0.95994	-0.01906	-0.14531	-0.02268	0.98913	048.8170	-088.1181	862.5025	0.92274	0.37896	0.07032	-0.37583	0.92512	-0.05397	-0.08551	0.02337	0.99606	094.9092	-109.1551	857.4047	0.89119	0.44528	0.08661	-0.44431	0.89533	-0.03119	-0.09143	-0.01069	0.99575	136.3916	-132.6806	853.0270	0.84632	0.51965	0.11707	-0.51889	0.85394	-0.03930	-0.12039	-0.02748	0.99235	175.5812	-162.2851	848.5603	0.78945	0.60872	0.07892	-0.60774	0.79319	-0.03871	-0.08616	-0.01741	0.99613	
37	-057.3455	030.2552	870.2823	0.99542	0.01136	0.09488	-0.00907	0.99966	-0.02459	-0.09513	0.02362	0.99519	-193.3718	-024.4745	883.7401	-0.04009	0.99541	0.08692	-0.99919	-0.04027	0.00032	0.00382	-0.08684	0.99622	-142.2476	-039.3684	879.7103	0.99118	0.07436	0.10971	-0.09813	0.96816	0.23029	-0.08909	-0.23902	0.96692	-093.4028	-046.4267	874.7717	0.98292	0.16104	0.08905	-0.16404	0.98607	0.02739	-0.08340	-0.04153	0.99565	-045.4298	-056.5608	870.2063	0.96622	0.24130	0.09053	-0.24079	0.97043	-0.01663	-0.09187	-0.00573	0.99575	003.3512	-070.5187	865.5282	0.94907	0.27921	0.14597	-0.27956	0.95995	-0.01856	-0.14531	-0.02319	0.98911	048.8366	-088.1327	862.1497	0.93079	0.36474	0.02446	-0.36467	0.93111	-0.00728	-0.02543	-0.00214	0.99967	0 	 0	0	0 	 0	0	0 	 0	0	0 	 0	0	136.4006	-132.6795	853.0580	0.84739	0.51963	0.10911	-0.51923	0.85394	-0.03432	-0.11101	-0.02757	0.99344	175.5896	-162.2905	848.6709	0.78974	0.60663	0.09115	-0.60784	0.79388	-0.01708	-0.08272	-0.04191	0.99569	
