"#"	"COOLCARD X"	"COOLCARD Y"	"COOLCARD Z"	"COOLCARD R11"	"COOLCARD R12"	"COOLCARD R13"	"COOLCARD R21"	"COOLCARD R22"	"COOLCARD R23"	"COOLCARD R31"	"COOLCARD R32"	"COOLCARD R33"	"Reference X"	"Reference Y"	"Reference Z"	"Reference R11"	"Reference R12"	"Reference R13"	"Reference R21"	"Reference R22"	"Reference R23"	"Reference R31"	"Reference R32"	"Reference R33"	"TR_1 X"	"TR_1 Y"	"TR_1 Z"	"TR_1 R11"	"TR_1 R12"	"TR_1 R13"	"TR_1 R21"	"TR_1 R22"	"TR_1 R23"	"TR_1 R31"	"TR_1 R32"	"TR_1 R33"	"TR_2 X"	"TR_2 Y"	"TR_2 Z"	"TR_2 R11"	"TR_2 R12"	"TR_2 R13"	"TR_2 R21"	"TR_2 R22"	"TR_2 R23"	"TR_2 R31"	"TR_2 R32"	"TR_2 R33"	"TR_3 X"	"TR_3 Y"	"TR_3 Z"	"TR_3 R11"	"TR_3 R12"	"TR_3 R13"	"TR_3 R21"	"TR_3 R22"	"TR_3 R23"	"TR_3 R31"	"TR_3 R32"	"TR_3 R33"	"TR_4 X"	"TR_4 Y"	"TR_4 Z"	"TR_4 R11"	"TR_4 R12"	"TR_4 R13"	"TR_4 R21"	"TR_4 R22"	"TR_4 R23"	"TR_4 R31"	"TR_4 R32"	"TR_4 R33"	"TR_5 X"	"TR_5 Y"	"TR_5 Z"	"TR_5 R11"	"TR_5 R12"	"TR_5 R13"	"TR_5 R21"	"TR_5 R22"	"TR_5 R23"	"TR_5 R31"	"TR_5 R32"	"TR_5 R33"	"TR_6 X"	"TR_6 Y"	"TR_6 Z"	"TR_6 R11"	"TR_6 R12"	"TR_6 R13"	"TR_6 R21"	"TR_6 R22"	"TR_6 R23"	"TR_6 R31"	"TR_6 R32"	"TR_6 R33"	"TR_7 X"	"TR_7 Y"	"TR_7 Z"	"TR_7 R11"	"TR_7 R12"	"TR_7 R13"	"TR_7 R21"	"TR_7 R22"	"TR_7 R23"	"TR_7 R31"	"TR_7 R32"	"TR_7 R33"	"TR_8 X"	"TR_8 Y"	"TR_8 Z"	"TR_8 R11"	"TR_8 R12"	"TR_8 R13"	"TR_8 R21"	"TR_8 R22"	"TR_8 R23"	"TR_8 R31"	"TR_8 R32"	"TR_8 R33"	
1	-070.9010	053.8511	789.4099	-0.98439	-0.00897	0.17577	0.00610	-0.99984	-0.01688	0.17589	-0.01554	0.98429	-207.2247	-026.8226	835.1042	-0.03921	0.99860	0.03563	-0.99922	-0.03901	-0.00641	-0.00501	-0.03586	0.99934	-155.0224	-038.8163	833.5754	0.99644	-0.00515	0.08415	0.00316	0.99971	0.02380	-0.08425	-0.02345	0.99617	-105.0483	-040.4683	830.9240	0.98097	0.02054	0.19308	-0.03818	0.99538	0.08808	-0.19038	-0.09378	0.97722	-055.9092	-044.6928	829.8689	0.99162	0.12088	0.04559	-0.12155	0.99251	0.01234	-0.04376	-0.01777	0.99888	-006.1399	-054.1450	827.1190	0.96173	0.23728	0.13705	-0.19524	0.94432	-0.26486	-0.19226	0.22796	0.95450	040.6949	-067.4445	827.5264	0.95391	0.29992	0.00987	-0.29996	0.95395	0.00223	-0.00874	-0.00509	0.99995	087.5927	-086.2362	825.9170	0.91206	0.40922	0.02621	-0.40856	0.91233	-0.02716	-0.03503	0.01406	0.99929	129.6464	-108.5261	823.8826	0.86167	0.50747	0.00120	-0.50602	0.85939	-0.07339	-0.03827	0.06263	0.99730	168.8990	-137.9850	822.0829	0.79152	0.61052	0.02754	-0.60943	0.79187	-0.03925	-0.04577	0.01428	0.99885	
2	-070.9004	053.8516	789.4165	-0.98433	-0.00892	0.17612	0.00612	-0.99985	-0.01643	0.17624	-0.01510	0.98423	-207.2240	-026.8171	835.0852	-0.03887	0.99841	0.04081	-0.99922	-0.03859	-0.00778	-0.00620	-0.04108	0.99914	-155.0311	-038.8180	833.8857	0.99888	0.01721	-0.04414	-0.01303	0.99555	0.09329	0.04555	-0.09261	0.99466	-105.0615	-040.4658	830.8223	0.97529	0.01534	0.22041	-0.03684	0.99491	0.09376	-0.21786	-0.09956	0.97089	-055.9092	-044.6928	829.8689	0.99162	0.12088	0.04559	-0.12156	0.99251	0.01234	-0.04376	-0.01777	0.99888	-006.0704	-054.2337	827.2765	0.98113	0.19054	-0.03273	-0.19330	0.96415	-0.18180	-0.00308	0.18470	0.98279	040.7035	-067.4347	827.6070	0.95429	0.29871	0.00992	-0.29881	0.95426	0.01054	-0.00632	-0.01302	0.99990	087.6059	-086.2405	826.4721	0.91352	0.40662	0.01207	-0.40566	0.91278	-0.04767	-0.03040	0.03865	0.99879	129.7407	-108.5558	825.5221	0.85813	0.50171	0.10905	-0.50903	0.85911	0.05308	-0.06706	-0.10106	0.99262	168.9010	-137.9949	822.1103	0.79092	0.60749	0.07353	-0.60907	0.79311	-0.00106	-0.05896	-0.04394	0.99729	
3	-070.9011	053.8520	789.4229	-0.98438	-0.00891	0.17585	0.00614	-0.99985	-0.01630	0.17597	-0.01497	0.98428	-207.2263	-026.8183	835.1194	-0.03843	0.99874	0.03217	-0.99913	-0.03788	-0.01767	-0.01643	-0.03282	0.99933	-155.0311	-038.8180	833.8857	0.99894	0.01590	-0.04312	-0.01182	0.99558	0.09322	0.04441	-0.09261	0.99471	-105.0250	-040.4725	831.3435	0.99603	0.04019	0.07945	-0.04530	0.99695	0.06360	-0.07665	-0.06694	0.99481	-055.8995	-044.7090	829.9077	0.99176	0.12015	0.04439	-0.12088	0.99257	0.01401	-0.04237	-0.01926	0.99892	-005.5881	-053.2535	831.3294	0.98025	0.19116	0.05061	-0.19649	0.97036	0.14071	-0.02222	-0.14787	0.98876	040.7064	-067.4320	827.6296	0.95449	0.29821	0.00542	-0.29822	0.95450	0.00143	-0.00475	-0.00298	0.99998	087.6098	-086.2924	826.7598	0.91024	0.41406	-0.00484	-0.41391	0.90946	-0.03941	-0.01191	0.03788	0.99921	129.6186	-108.5594	824.4939	0.87338	0.47963	0.08469	-0.48704	0.85951	0.15503	0.00157	-0.17665	0.98427	168.9040	-138.0039	822.1388	0.78968	0.60184	0.11911	-0.60928	0.79208	0.03720	-0.07195	-0.10195	0.99218	
4	-070.8976	053.8514	789.4194	-0.98438	-0.00901	0.17581	0.00596	-0.99982	-0.01790	0.17594	-0.01657	0.98426	-207.1745	-026.8305	834.4157	-0.04263	0.99908	-0.00474	-0.99895	-0.04254	0.01729	0.01707	0.00547	0.99984	-155.0506	-038.7995	834.1572	0.99418	0.02948	-0.10367	-0.01659	0.99225	0.12312	0.10649	-0.12068	0.98696	-105.0250	-040.4725	831.3435	0.99603	0.04020	0.07945	-0.04531	0.99695	0.06360	-0.07665	-0.06694	0.99481	-055.8458	-044.7909	830.5688	0.99085	0.13009	-0.03592	-0.13064	0.99134	-0.01328	0.03388	0.01785	0.99927	-006.0179	-054.0437	828.9584	0.98454	0.17080	-0.03884	-0.12760	0.85125	0.50902	0.12001	-0.49619	0.85988	040.7561	-067.4691	828.5934	0.95564	0.29435	0.01035	-0.29449	0.95431	0.05063	0.00503	-0.05143	0.99866	087.6136	-086.2837	826.7967	0.91143	0.41118	0.01524	-0.41115	0.91155	-0.00513	-0.01600	-0.00159	0.99987	129.7289	-108.5616	825.2245	0.85212	0.51200	-0.10837	-0.51888	0.79953	-0.30251	-0.06824	0.31401	0.94696	168.9069	-138.0119	822.1677	0.78784	0.59357	0.16426	-0.61000	0.78882	0.07527	-0.08489	-0.15950	0.98354	
5	-070.8958	053.8514	789.4123	-0.98431	-0.00893	0.17621	0.00619	-0.99985	-0.01611	0.17633	-0.01477	0.98422	-207.2075	-026.8231	835.1090	-0.03864	0.99407	0.10168	-0.99916	-0.03981	0.00953	0.01352	-0.10122	0.99477	-155.0779	-038.7728	834.4249	0.98571	0.03504	-0.16476	-0.00981	0.98841	0.15151	0.16815	-0.14773	0.97463	-105.0224	-040.4855	831.4567	0.99572	0.04071	0.08295	-0.04389	0.99836	0.03683	-0.08132	-0.04031	0.99587	-055.8433	-044.7518	830.2168	0.99158	0.12910	0.00984	-0.12718	0.98544	-0.11280	-0.02426	0.11060	0.99357	-005.9092	-054.0400	828.9933	0.96954	0.23823	0.05690	-0.16749	0.81433	-0.55571	-0.17872	0.52925	0.82943	040.7651	-067.4635	828.2404	0.95432	0.29782	-0.02396	-0.29733	0.95452	0.02198	0.02942	-0.01385	0.99947	087.6291	-086.2789	826.7733	0.91095	0.41207	-0.01941	-0.41243	0.90867	-0.06499	-0.00915	0.06721	0.99770	129.7178	-108.5663	825.0670	0.86103	0.50782	-0.02745	-0.50853	0.85922	-0.05597	-0.00484	0.06215	0.99805	168.9988	-138.0724	823.9155	0.79238	0.60611	0.06895	-0.60905	0.79243	0.03334	-0.03443	-0.06841	0.99706	
6	-070.8963	053.8518	789.4280	-0.98433	-0.00912	0.17611	0.00616	-0.99983	-0.01736	0.17624	-0.01600	0.98422	-207.2711	-026.8126	835.3756	-0.03747	0.99894	0.02674	-0.99861	-0.03644	-0.03802	-0.03701	-0.02812	0.99892	-155.1127	-038.7377	834.6875	0.97317	0.06193	-0.22158	-0.02085	0.98286	0.18316	0.22912	-0.17363	0.95779	-104.9995	-040.4917	831.3692	0.99696	0.03996	0.06688	-0.04399	0.99723	0.05993	-0.06430	-0.06269	0.99596	-055.8557	-044.7648	830.1698	0.98973	0.12502	0.06925	-0.12392	0.99209	-0.02001	-0.07121	0.01122	0.99740	-005.9007	-054.0061	829.2117	0.97272	0.20758	0.10356	-0.18058	0.95779	-0.22366	-0.14562	0.19886	0.96915	040.7651	-067.4635	828.1011	0.95443	0.29760	-0.02224	-0.29715	0.95459	0.02144	0.02761	-0.01385	0.99952	087.6345	-086.2741	826.7603	0.91101	0.41223	-0.01178	-0.41215	0.90912	-0.06023	-0.01411	0.05973	0.99812	129.7644	-108.6396	825.6649	0.86015	0.50567	0.06662	-0.50728	0.86174	0.00872	-0.05300	-0.04130	0.99774	168.9572	-138.0724	823.4653	0.78748	0.61245	0.06921	-0.61538	0.78755	0.03279	-0.03443	-0.06841	0.99706	
7	-070.8970	053.8525	789.4167	-0.98449	-0.00894	0.17522	0.00605	-0.99984	-0.01706	0.17535	-0.01573	0.98438	-207.2433	-026.8197	835.3418	-0.03571	0.99885	0.03183	-0.99796	-0.03396	-0.05411	-0.05296	-0.03370	0.99803	-155.2821	-038.6945	834.9437	0.95793	0.08005	-0.27561	-0.02034	0.97684	0.21301	0.28627	-0.19845	0.93737	-104.9935	-040.4917	831.4059	0.99547	0.03870	0.08680	-0.04348	0.99760	0.05395	-0.08450	-0.05748	0.99476	-055.8962	-044.8691	829.6510	0.98723	0.13072	0.09105	-0.12824	0.99121	-0.03258	-0.09451	0.02049	0.99531	-005.8942	-054.0216	829.2437	0.97727	0.20138	0.06622	-0.19000	0.97062	-0.14761	-0.09400	0.13168	0.98683	040.7233	-067.5214	827.8529	0.96059	0.27707	0.02251	-0.27599	0.94093	0.19618	0.03318	-0.19466	0.98031	087.6367	-086.2654	826.6783	0.91115	0.41110	-0.02828	-0.41201	0.90775	-0.07895	-0.00678	0.08358	0.99648	129.7311	-108.5356	824.8341	0.86261	0.50344	-0.04959	-0.50509	0.85166	-0.13989	-0.02819	0.14571	0.98893	168.9700	-138.0346	823.2448	0.79257	0.60952	-0.01804	-0.60784	0.78733	-0.10319	-0.04869	0.09275	0.99450	
8	-070.8978	053.8530	789.4222	-0.98450	-0.00889	0.17513	0.00623	-0.99986	-0.01574	0.17525	-0.01440	0.98442	-207.2379	-026.9611	834.7273	-0.03609	0.99915	0.02013	-0.99933	-0.03621	0.00583	0.00656	-0.01991	0.99978	0 	 0	0	0 	 0	0	0 	 0	0	0 	 0	0	-104.9916	-040.4980	831.4122	0.99557	0.03758	0.08623	-0.04350	0.99674	0.06794	-0.08340	-0.07139	0.99396	-055.8380	-044.6160	830.6765	0.99328	0.11337	-0.02327	-0.11100	0.99010	0.08590	0.03278	-0.08274	0.99603	-005.8978	-053.9957	829.1310	0.97829	0.19903	0.05773	-0.18918	0.97143	-0.14331	-0.08460	0.12927	0.98799	040.6958	-067.5443	827.6719	0.95647	0.29136	-0.01628	-0.28602	0.94708	0.14570	0.05787	-0.13470	0.98920	087.6367	-086.2654	826.6783	0.91115	0.41110	-0.02828	-0.41201	0.90775	-0.07895	-0.00678	0.08358	0.99648	129.7121	-108.5334	824.5043	0.85995	0.50486	-0.07482	-0.51028	0.85330	-0.10724	0.00970	0.13040	0.99141	168.9200	-138.0629	822.6227	0.79200	0.59287	0.14576	-0.60714	0.78994	0.08589	-0.06421	-0.15652	0.98558	
9	-070.8979	053.8519	789.4113	-0.98434	-0.00886	0.17603	0.00626	-0.99986	-0.01529	0.17615	-0.01394	0.98427	-207.2519	-026.7274	835.6190	-0.03833	0.99868	0.03424	-0.99861	-0.03704	-0.03761	-0.03629	-0.03563	0.99871	-155.1205	-038.7853	833.6151	0.99716	-0.00818	0.07491	0.00098	0.99542	0.09561	-0.07535	-0.09526	0.99260	-104.9952	-040.5053	831.4521	0.99528	0.03762	0.08948	-0.04358	0.99690	0.06558	-0.08673	-0.06917	0.99383	-055.8804	-044.6938	830.1107	0.99301	0.11492	0.02709	-0.11199	0.98943	-0.09215	-0.03739	0.08847	0.99538	-005.9057	-053.9922	829.0845	0.97924	0.19528	0.05442	-0.19001	0.97771	-0.08937	-0.07066	0.07717	0.99451	040.6758	-067.5465	827.3057	0.95517	0.29085	-0.05527	-0.28478	0.95368	0.09693	0.08090	-0.07685	0.99375	087.6345	-086.2638	826.5979	0.91134	0.41141	-0.01401	-0.41143	0.90923	-0.06339	-0.01335	0.06354	0.99789	129.6145	-108.5558	823.9305	0.85890	0.50427	0.08945	-0.50533	0.86284	-0.01207	-0.08326	-0.03484	0.99592	168.9200	-138.0629	822.6227	0.79200	0.59287	0.14576	-0.60714	0.78994	0.08589	-0.06421	-0.15652	0.98558	
10	-070.8985	053.8522	789.4049	-0.98441	-0.00865	0.17570	0.00630	-0.99988	-0.01396	0.17580	-0.01264	0.98434	-207.2837	-026.7885	835.4710	-0.03651	0.99931	-0.00735	-0.99744	-0.03689	-0.06118	-0.06141	0.00510	0.99810	-155.1205	-038.7853	833.6151	0.99716	-0.00818	0.07491	0.00098	0.99542	0.09561	-0.07535	-0.09526	0.99260	-104.9952	-040.5053	831.4521	0.99527	0.03762	0.08951	-0.04358	0.99690	0.06558	-0.08677	-0.06917	0.99382	-055.8908	-044.6612	829.8033	0.98988	0.10821	0.09176	-0.11931	0.98486	0.12573	-0.07677	-0.13541	0.98781	-005.9129	-053.9803	829.0220	0.97979	0.19577	0.04101	-0.19048	0.97579	-0.10745	-0.06105	0.09746	0.99336	040.7739	-067.3871	828.2150	0.94648	0.30712	0.09931	-0.30988	0.95068	0.01328	-0.09033	-0.04335	0.99497	087.6035	-086.2328	826.0344	0.91263	0.40878	0.00265	-0.40867	0.91250	-0.01804	-0.00979	0.01538	0.99983	129.6440	-108.5321	824.0403	0.86212	0.50670	0.00070	-0.50418	0.85795	-0.09861	-0.05056	0.08466	0.99513	168.8054	-138.0271	822.0318	0.80072	0.54756	0.24296	-0.59898	0.73786	0.31110	-0.00893	-0.39463	0.91880	
11	-070.9154	053.8576	789.4133	-0.98433	-0.00904	0.17609	0.00609	-0.99983	-0.01729	0.17621	-0.01595	0.98422	-207.2630	-026.7924	835.0656	-0.03778	0.99884	0.02970	-0.99912	-0.03722	-0.01920	-0.01807	-0.03040	0.99937	-155.1315	-039.2934	833.2767	0.99841	0.00572	0.05606	-0.00815	0.99903	0.04325	-0.05576	-0.04364	0.99749	-105.2731	-041.6878	831.3228	0.99604	0.06005	0.06557	-0.06052	0.99815	0.00512	-0.06514	-0.00906	0.99783	-056.2242	-046.7436	829.8995	0.99030	0.13856	0.00996	-0.13842	0.99029	-0.01316	-0.01169	0.01166	0.99986	-006.4670	-056.8579	828.6873	0.97769	0.20990	-0.00846	-0.20864	0.97493	0.07738	0.02449	-0.07389	0.99697	040.0701	-070.8452	827.2007	0.95007	0.31133	-0.02116	-0.31165	0.95010	-0.01379	0.01581	0.01969	0.99968	086.8090	-090.0626	825.5469	0.91112	0.41196	0.01247	-0.40971	0.90860	-0.08117	-0.04477	0.06884	0.99662	128.7546	-112.6571	823.5927	0.85770	0.51374	0.02046	-0.51084	0.85601	-0.07935	-0.05828	0.05761	0.99664	167.7802	-142.3893	821.5301	0.78808	0.61513	0.02316	-0.61442	0.78835	-0.03141	-0.03758	0.01052	0.99924	
12	-070.9152	053.8585	789.4118	-0.98422	-0.00906	0.17673	0.00612	-0.99983	-0.01716	0.17686	-0.01581	0.98411	-207.2605	-026.7933	835.1055	-0.03770	0.99872	0.03362	-0.99916	-0.03712	-0.01763	-0.01636	-0.03426	0.99928	-155.1304	-039.2934	833.2766	0.99830	0.00577	0.05803	-0.00832	0.99900	0.04392	-0.05772	-0.04433	0.99735	-105.2732	-041.6890	831.3181	0.99629	0.06004	0.06169	-0.06034	0.99817	0.00300	-0.06140	-0.00671	0.99809	-056.2286	-046.7586	829.8140	0.98710	0.14001	0.07769	-0.13569	0.98903	-0.05831	-0.08501	0.04701	0.99527	-006.4766	-056.8566	828.7973	0.97730	0.21181	-0.00444	-0.20953	0.96942	0.12775	0.03137	-0.12392	0.99180	040.0709	-070.8463	827.1874	0.95033	0.31072	-0.01783	-0.31085	0.95045	-0.00494	0.01541	0.01023	0.99983	086.8685	-090.0956	826.1391	0.90636	0.42251	-0.00152	-0.42174	0.90492	0.05706	0.02549	-0.05108	0.99837	128.7621	-112.6606	823.5984	0.85783	0.51256	0.03763	-0.51069	0.85834	-0.04954	-0.05769	0.02328	0.99806	167.7838	-142.3963	821.5302	0.78813	0.61430	0.03859	-0.61414	0.78901	-0.01731	-0.04108	-0.01006	0.99911	
13	-070.9151	053.8566	789.4014	-0.98441	-0.00912	0.17568	0.00598	-0.99981	-0.01837	0.17581	-0.01703	0.98428	-207.2587	-026.7948	835.0856	-0.03822	0.99891	0.02689	-0.99915	-0.03779	-0.01646	-0.01542	-0.02750	0.99950	-155.1313	-039.2940	833.2961	0.99817	0.00509	0.06021	-0.00825	0.99860	0.05228	-0.05986	-0.05269	0.99682	-105.2742	-041.6880	831.3247	0.99595	0.05963	0.06726	-0.05985	0.99821	0.00129	-0.06707	-0.00531	0.99773	-056.2529	-046.7707	829.8575	0.98972	0.13514	0.04682	-0.13414	0.99067	-0.02396	-0.04962	0.01743	0.99862	-006.4853	-056.8439	828.9065	0.97694	0.21352	-0.00034	-0.21006	0.96139	0.17779	0.03829	-0.17362	0.98407	040.0709	-070.8463	827.1826	0.95032	0.31078	-0.01770	-0.31091	0.95043	-0.00498	0.01527	0.01023	0.99983	086.8685	-090.1124	826.1391	0.90636	0.42251	-0.00152	-0.42174	0.90492	0.05706	0.02549	-0.05108	0.99837	128.7601	-112.6621	823.5345	0.85719	0.51424	0.02778	-0.51204	0.85680	-0.06090	-0.05512	0.03798	0.99776	167.7906	-142.2978	820.4995	0.78995	0.58788	-0.17428	-0.61209	0.73912	-0.28115	-0.03646	0.32877	0.94371	
14	-070.9152	053.8589	789.4159	-0.98442	-0.00914	0.17561	0.00595	-0.99981	-0.01871	0.17575	-0.01737	0.98428	-207.2585	-026.7956	835.0950	-0.03854	0.99876	0.03148	-0.99918	-0.03813	-0.01334	-0.01212	-0.03197	0.99942	-155.1313	-039.2940	833.2961	0.99817	0.00509	0.06021	-0.00825	0.99860	0.05228	-0.05986	-0.05269	0.99682	-105.2742	-041.6890	831.3247	0.99595	0.05963	0.06734	-0.05985	0.99821	0.00128	-0.06715	-0.00531	0.99773	-056.2529	-046.7707	829.8437	0.98972	0.13520	0.04653	-0.13410	0.99062	-0.02615	-0.04963	0.01964	0.99857	-006.4940	-056.8313	829.0152	0.97660	0.21502	0.00385	-0.21025	0.95084	0.22736	0.04522	-0.22285	0.97380	040.0702	-070.8452	827.1527	0.95040	0.31028	-0.02166	-0.31054	0.95051	-0.00980	0.01755	0.01604	0.99972	086.8275	-090.0393	825.6077	0.90924	0.41625	-0.00492	-0.41596	0.90804	-0.04944	-0.01611	0.04700	0.99876	128.7561	-112.6612	823.4745	0.85722	0.51437	0.02465	-0.51225	0.85663	-0.06151	-0.05275	0.04011	0.99780	167.8570	-142.4099	821.4696	0.78789	0.61084	0.07810	-0.61379	0.78923	0.01928	-0.04986	-0.06313	0.99676	
15	-070.9158	053.8587	789.4083	-0.98442	-0.00903	0.17560	0.00594	-0.99982	-0.01808	0.17573	-0.01675	0.98430	-207.2582	-026.7967	835.1030	-0.03858	0.99873	0.03228	-0.99919	-0.03817	-0.01296	-0.01171	-0.03276	0.99939	-155.1319	-039.2937	833.3069	0.99813	0.00471	0.06091	-0.00816	0.99837	0.05653	-0.06054	-0.05692	0.99654	-105.2745	-041.6883	831.3307	0.99570	0.05926	0.07127	-0.05953	0.99822	0.00175	-0.07104	-0.00598	0.99746	-056.2644	-046.7732	829.8653	0.99037	0.13347	0.03692	-0.13301	0.99101	-0.01448	-0.03852	0.00943	0.99921	-006.5024	-056.8149	829.1227	0.97629	0.21631	0.00812	-0.21008	0.93782	0.27635	0.05216	-0.27150	0.96102	040.0702	-070.8456	827.1527	0.95040	0.31028	-0.02166	-0.31054	0.95051	-0.00980	0.01755	0.01604	0.99972	086.8291	-090.1185	825.5445	0.90952	0.41535	0.01614	-0.41540	0.90964	-0.00004	-0.01470	-0.00667	0.99987	128.7518	-112.6691	823.4506	0.85748	0.51423	0.01728	-0.51243	0.85653	-0.06141	-0.04638	0.04380	0.99796	167.6820	-142.3540	821.0667	0.80080	0.54834	0.24090	-0.59868	0.72126	0.34838	0.01728	-0.42321	0.90587	
16	-070.9160	053.8605	789.4150	-0.98413	-0.00884	0.17723	0.00608	-0.99985	-0.01610	0.17734	-0.01476	0.98404	-207.2569	-026.7935	835.0983	-0.03856	0.99860	0.03613	-0.99921	-0.03818	-0.01101	-0.00961	-0.03653	0.99929	-155.1344	-039.2939	833.3208	0.99786	0.00461	0.06520	-0.00851	0.99818	0.05972	-0.06480	-0.06015	0.99608	-105.2756	-041.6879	831.3150	0.99575	0.05989	0.06996	-0.05978	0.99820	-0.00368	-0.07006	-0.00052	0.99754	-056.2645	-046.7673	829.8833	0.98985	0.13274	0.05081	-0.13327	0.99106	0.00705	-0.04942	-0.01375	0.99868	0 	 0	0	0 	 0	0	0 	 0	0	0 	 0	0	040.0698	-070.8450	827.1556	0.95037	0.31022	-0.02363	-0.31057	0.95046	-0.01286	0.01847	0.01956	0.99964	086.8307	-090.0803	825.5661	0.90901	0.41377	0.04999	-0.41613	0.90771	0.05375	-0.02314	-0.06966	0.99730	128.7518	-112.6708	823.4506	0.85734	0.51403	0.02738	-0.51224	0.85719	-0.05319	-0.05081	0.03157	0.99821	167.8082	-142.3743	821.1925	0.78889	0.61222	-0.05335	-0.59886	0.74639	-0.29029	-0.13790	0.26095	0.95545	
17	-070.9165	053.8613	789.4116	-0.98443	-0.00914	0.17553	0.00607	-0.99982	-0.01802	0.17566	-0.01667	0.98431	-207.2549	-026.7981	835.0684	-0.03854	0.99883	0.02931	-0.99920	-0.03821	-0.01166	-0.01052	-0.02974	0.99950	-155.1369	-039.2947	833.3422	0.99848	0.00545	0.05482	-0.00894	0.99793	0.06366	-0.05436	-0.06405	0.99647	-105.2767	-041.6872	831.3110	0.99552	0.06018	0.07298	-0.06052	0.99816	0.00242	-0.07270	-0.00683	0.99733	-056.2645	-046.7673	829.8833	0.98985	0.13274	0.05081	-0.13327	0.99106	0.00705	-0.04942	-0.01375	0.99868	-006.4906	-056.8975	828.3933	0.98076	0.19312	0.02845	-0.19480	0.95883	0.20666	0.01264	-0.20823	0.97800	040.0696	-070.8443	827.1511	0.95034	0.31016	-0.02560	-0.31061	0.95040	-0.01592	0.01939	0.02308	0.99955	086.8307	-090.0803	825.5661	0.90901	0.41377	0.04999	-0.41613	0.90771	0.05375	-0.02314	-0.06966	0.99730	128.7495	-112.6728	823.4441	0.85758	0.51390	0.02147	-0.51211	0.85699	-0.05757	-0.04799	0.03838	0.99811	167.7644	-142.3743	821.1925	0.78905	0.61198	-0.05372	-0.59898	0.74696	-0.28856	-0.13647	0.25986	0.95595	
18	-070.9161	053.8611	789.4083	-0.98452	-0.00923	0.17504	0.00602	-0.99980	-0.01883	0.17518	-0.01749	0.98438	-207.2537	-026.7972	835.0638	-0.03849	0.99876	0.03172	-0.99920	-0.03813	-0.01186	-0.01064	-0.03215	0.99943	-155.1386	-039.2951	833.3485	0.99847	0.00561	0.05499	-0.00897	0.99809	0.06114	-0.05454	-0.06154	0.99661	-105.2761	-041.6869	831.3069	0.99563	0.06014	0.07148	-0.06054	0.99816	0.00343	-0.07114	-0.00774	0.99744	-056.2618	-046.7643	829.8873	0.98970	0.13246	0.05424	-0.13331	0.99100	0.01239	-0.05211	-0.01950	0.99845	-006.4304	-056.7914	829.0458	0.97476	0.21401	0.06354	-0.20504	0.97083	-0.12429	-0.08829	0.10813	0.99021	040.0693	-070.8435	827.1465	0.95031	0.31010	-0.02756	-0.31066	0.95033	-0.01897	0.02031	0.02659	0.99944	086.8350	-090.0719	825.6177	0.90901	0.41555	0.03197	-0.41630	0.90897	0.02168	-0.02005	-0.03302	0.99925	128.7499	-112.6731	823.4429	0.85757	0.51381	0.02403	-0.51194	0.85711	-0.05720	-0.04999	0.03675	0.99807	167.6746	-142.4104	821.2414	0.80085	0.53312	0.27280	-0.59825	0.73283	0.32413	-0.02711	-0.42278	0.90583	
19	-070.9165	053.8607	789.4010	-0.98436	-0.00892	0.17594	0.00611	-0.99984	-0.01654	0.17606	-0.01521	0.98426	-207.2522	-026.7998	835.0691	-0.03878	0.99874	0.03182	-0.99923	-0.03855	-0.00789	-0.00665	-0.03210	0.99946	-155.1393	-039.2967	833.3493	0.99792	0.00508	0.06421	-0.00913	0.99798	0.06294	-0.06376	-0.06340	0.99595	-105.2771	-041.6869	831.3161	0.99561	0.06030	0.07160	-0.06057	0.99816	0.00149	-0.07138	-0.00582	0.99743	-056.2557	-046.7625	829.8841	0.98998	0.13413	0.04419	-0.13473	0.99082	0.01079	-0.04234	-0.01663	0.99896	-006.4304	-056.7914	829.0458	0.97476	0.21401	0.06354	-0.20504	0.97083	-0.12429	-0.08829	0.10813	0.99021	040.0683	-070.8425	827.1400	0.95034	0.31013	-0.02586	-0.31053	0.95047	-0.01331	0.02046	0.02068	0.99958	086.8401	-090.0706	825.6492	0.90964	0.41496	0.01877	-0.41519	0.90967	0.01068	-0.01265	-0.01751	0.99977	128.7499	-112.6777	823.4870	0.85745	0.51412	0.02133	-0.51235	0.85687	-0.05712	-0.04765	0.03805	0.99814	167.6999	-142.4290	821.4599	0.78892	0.61450	0.00152	-0.61327	0.78749	-0.06122	-0.03882	0.04736	0.99812	
20	-070.9161	053.8600	789.3980	-0.98447	-0.00925	0.17529	0.00617	-0.99982	-0.01810	0.17543	-0.01674	0.98435	-207.2516	-026.7967	835.0845	-0.03854	0.99862	0.03575	-0.99923	-0.03824	-0.00899	-0.00761	-0.03607	0.99932	-155.1391	-039.2970	833.3300	0.99816	0.00539	0.06033	-0.00862	0.99854	0.05333	-0.05996	-0.05375	0.99675	-105.2774	-041.6908	831.3374	0.99633	0.06097	0.06006	-0.06106	0.99813	-0.00037	-0.05997	-0.00330	0.99819	-056.2457	-046.7641	829.8488	0.99018	0.13608	0.03214	-0.13600	0.99070	-0.00465	-0.03248	0.00024	0.99947	-006.3955	-056.7845	829.4167	0.97044	0.22846	0.07779	-0.19767	0.93733	-0.28694	-0.13847	0.26308	0.95479	040.0692	-070.8444	827.1515	0.95061	0.30987	-0.01774	-0.30998	0.95073	-0.00375	0.01571	0.00907	0.99984	086.8180	-090.0720	825.5966	0.90983	0.41199	0.04964	-0.41497	0.90318	0.10984	0.00042	-0.12054	0.99271	128.7477	-112.6783	823.4666	0.85736	0.51436	0.01918	-0.51241	0.85645	-0.06263	-0.04864	0.04387	0.99785	167.7300	-142.4325	821.5497	0.78905	0.61430	-0.00561	-0.61366	0.78774	-0.05384	-0.02865	0.04592	0.99853	
21	-070.9349	053.8523	789.2682	-0.98413	-0.00873	0.17725	0.00620	-0.99987	-0.01480	0.17735	-0.01347	0.98406	-207.2314	-026.8222	834.8844	-0.03753	0.99878	0.03210	-0.99916	-0.03698	-0.01760	-0.01639	-0.03274	0.99933	-155.5386	-040.0444	833.5369	0.99582	0.02554	0.08769	-0.02987	0.99838	0.04837	-0.08632	-0.05079	0.99497	-105.8413	-043.9418	831.0538	0.99145	0.09405	0.09045	-0.09685	0.99493	0.02704	-0.08744	-0.03557	0.99553	-057.1113	-050.9814	829.7227	0.98296	0.18267	-0.02052	-0.18295	0.98304	-0.01269	0.01785	0.01623	0.99971	-007.9383	-063.2274	827.6428	0.96736	0.25338	0.00336	-0.25340	0.96730	0.01076	-0.00053	-0.01126	0.99994	037.9298	-079.4038	826.4072	0.93661	0.35013	0.01331	-0.35031	0.93651	0.01508	-0.00718	-0.01879	0.99980	083.8677	-100.6463	824.2898	0.89704	0.41067	0.16331	-0.44010	0.79626	0.41507	0.04042	-0.44420	0.89501	125.3516	-124.3006	822.3540	0.84585	0.53186	0.04073	-0.53117	0.84683	-0.02715	-0.04893	0.00133	0.99880	164.2190	-154.6078	820.1106	0.78375	0.62011	0.03461	-0.61913	0.78449	-0.03542	-0.04911	0.00633	0.99877	
22	-070.9345	053.8526	789.2640	-0.98415	-0.00865	0.17712	0.00618	-0.99988	-0.01452	0.17722	-0.01319	0.98408	-207.2365	-026.8232	834.9198	-0.03782	0.99824	0.04567	-0.99919	-0.03716	-0.01524	-0.01352	-0.04621	0.99884	-155.4456	-040.0756	833.2302	0.99742	0.02962	0.06542	-0.03947	0.98715	0.15481	-0.05999	-0.15700	0.98578	-105.8377	-043.9432	831.0841	0.99098	0.09335	0.09612	-0.09750	0.99445	0.03942	-0.09190	-0.04843	0.99459	-057.1145	-050.9714	829.6252	0.98335	0.18118	0.01397	-0.18090	0.98332	-0.01870	-0.01713	0.01586	0.99973	-007.9222	-063.2301	827.8417	0.96808	0.25050	0.00815	-0.25059	0.96800	0.01359	-0.00449	-0.01520	0.99987	037.9292	-079.4035	826.3616	0.93651	0.35034	0.01482	-0.35057	0.93637	0.01768	-0.00768	-0.02175	0.99973	083.9764	-100.5428	824.7573	0.89493	0.40354	0.19041	-0.44563	0.78681	0.42701	0.02250	-0.46700	0.88397	125.3556	-124.3073	822.3571	0.84535	0.53136	0.05514	-0.53046	0.84714	-0.03097	-0.06317	-0.00307	0.99800	164.2186	-154.6102	820.1233	0.78358	0.62012	0.03814	-0.61920	0.78450	-0.03399	-0.05100	0.00301	0.99869	
23	-070.9345	053.8530	789.2718	-0.98411	-0.00864	0.17736	0.00617	-0.99988	-0.01448	0.17746	-0.01316	0.98404	-207.2368	-026.8171	834.8890	-0.03819	0.99862	0.03600	-0.99921	-0.03776	-0.01249	-0.01111	-0.03644	0.99927	-155.4456	-040.0756	833.2302	0.99742	0.02963	0.06541	-0.03947	0.98718	0.15469	-0.05999	-0.15687	0.98580	-105.8346	-043.9390	831.0240	0.99086	0.09273	0.09794	-0.09490	0.99533	0.01775	-0.09584	-0.02688	0.99503	-057.1085	-050.9757	829.6140	0.98312	0.18252	-0.01245	-0.18285	0.98257	-0.03364	0.00609	0.03534	0.99936	-007.9222	-063.2301	827.7773	0.96814	0.25029	0.00815	-0.25038	0.96805	0.01359	-0.00449	-0.01520	0.99987	037.9292	-079.4080	826.3625	0.93656	0.35036	0.00993	-0.35046	0.93650	0.01185	-0.00515	-0.01458	0.99988	084.0270	-100.4965	824.6380	0.89141	0.45180	0.03557	-0.44826	0.89053	-0.07763	-0.06675	0.05325	0.99635	125.3560	-124.2431	821.7683	0.84322	0.53596	-0.04156	-0.53715	0.83699	-0.10445	-0.02120	0.11040	0.99366	164.2105	-154.6025	820.0985	0.78363	0.62072	0.02520	-0.61934	0.78376	-0.04619	-0.04842	0.02059	0.99861	
24	-070.9341	053.8505	789.2436	-0.98414	-0.00842	0.17717	0.00617	-0.99989	-0.01329	0.17727	-0.01198	0.98409	-207.2369	-026.8164	834.8970	-0.03817	0.99813	0.04779	-0.99926	-0.03790	-0.00645	-0.00463	-0.04800	0.99884	-155.4314	-040.0818	833.2015	0.99779	0.03127	0.05855	-0.04191	0.98082	0.19038	-0.05147	-0.19241	0.97996	-105.8309	-043.9404	831.0162	0.99151	0.09268	0.09121	-0.09411	0.99550	0.01148	-0.08973	-0.01997	0.99577	-057.1048	-050.9717	829.6219	0.98331	0.18177	0.00739	-0.18164	0.98324	-0.01584	-0.01014	0.01423	0.99985	-007.9210	-063.2300	827.8834	0.96826	0.24985	0.00655	-0.24991	0.96819	0.01238	-0.00325	-0.01362	0.99990	037.9292	-079.4054	826.3625	0.93656	0.35036	0.00993	-0.35046	0.93650	0.01185	-0.00515	-0.01458	0.99988	084.0270	-100.4965	824.6380	0.89136	0.45184	0.03628	-0.44823	0.89051	-0.07798	-0.06754	0.05325	0.99629	125.3556	-124.2739	822.0669	0.84327	0.53725	0.01587	-0.53480	0.84164	-0.07503	-0.05367	0.05478	0.99706	164.2138	-154.6059	820.0985	0.78366	0.62070	0.02482	-0.61933	0.78378	-0.04612	-0.04808	0.02077	0.99863	
25	-070.9336	053.8503	789.2589	-0.98415	-0.00861	0.17715	0.00611	-0.99987	-0.01466	0.17725	-0.01334	0.98407	-207.2268	-026.8305	834.8520	-0.03907	0.99811	0.04751	-0.99912	-0.03829	-0.01725	-0.01540	-0.04814	0.99872	-155.4166	-040.0911	833.1739	0.99811	0.03317	0.05174	-0.04404	0.97318	0.22577	-0.04287	-0.22762	0.97281	-105.8288	-043.9407	831.0224	0.99074	0.09399	0.09803	-0.09517	0.99543	0.00751	-0.09688	-0.01677	0.99515	-057.1043	-050.9767	829.6048	0.98329	0.18198	0.00364	-0.18193	0.98324	-0.01162	-0.00569	0.01077	0.99993	-007.9022	-063.2289	827.7506	0.96811	0.25042	0.00720	-0.25046	0.96812	0.00482	-0.00577	-0.00647	0.99996	037.9296	-079.4050	826.3610	0.93657	0.35034	0.00983	-0.35043	0.93653	0.01052	-0.00552	-0.01330	0.99990	084.0513	-100.4846	824.7144	0.89010	0.45500	0.02647	-0.44630	0.88190	-0.15189	-0.09246	0.12338	0.98804	125.3405	-124.2761	822.0022	0.84379	0.53667	0.00088	-0.53503	0.84134	-0.07678	-0.04194	0.06432	0.99705	164.2122	-154.6021	820.0780	0.78375	0.62083	0.01744	-0.61937	0.78336	-0.05221	-0.04608	0.03012	0.99848	
26	-070.9339	053.8490	789.2446	-0.98420	-0.00837	0.17685	0.00611	-0.99989	-0.01334	0.17694	-0.01205	0.98415	-207.2481	-026.8118	834.8884	-0.03758	0.99877	0.03249	-0.99918	-0.03708	-0.01604	-0.01481	-0.03307	0.99934	-155.4019	-040.1003	833.1463	0.99836	0.03531	0.04500	-0.04586	0.96430	0.26082	-0.03419	-0.26245	0.96434	-105.8289	-043.9407	831.0224	0.99073	0.09400	0.09802	-0.09518	0.99543	0.00736	-0.09688	-0.01662	0.99516	-057.1045	-050.9737	829.5717	0.98322	0.18202	0.01248	-0.18173	0.98312	-0.02124	-0.01614	0.01862	0.99970	-007.8985	-063.2245	827.8135	0.96829	0.24857	0.02503	-0.24915	0.96817	0.02372	-0.01834	-0.02921	0.99941	037.9283	-079.4056	826.3475	0.93660	0.34994	0.01787	-0.35020	0.93655	0.01501	-0.01148	-0.02032	0.99973	084.0763	-100.4668	824.7505	0.88900	0.45762	0.01637	-0.44268	0.86801	-0.22493	-0.11714	0.19271	0.97424	125.3247	-124.2769	821.9688	0.84430	0.53583	-0.00578	-0.53394	0.84031	-0.09371	-0.04536	0.08220	0.99558	164.1473	-154.4645	819.4681	0.77743	0.58203	-0.23841	-0.62874	0.72936	-0.26966	0.01694	0.35954	0.93298	
27	-070.9347	053.8499	789.2331	-0.98429	-0.00860	0.17635	0.00616	-0.99988	-0.01437	0.17645	-0.01306	0.98422	-207.2467	-026.8072	834.8843	-0.03840	0.99866	0.03463	-0.99921	-0.03802	-0.01148	-0.01015	-0.03504	0.99933	-155.4172	-040.0927	833.1172	0.99823	0.03407	0.04881	-0.03983	0.99167	0.12248	-0.04423	-0.12421	0.99127	-105.8271	-043.9409	831.0210	0.99127	0.09384	0.09258	-0.09526	0.99539	0.01094	-0.09113	-0.01966	0.99565	-057.1058	-050.9756	829.5484	0.98323	0.18198	0.01167	-0.18175	0.98316	-0.01905	-0.01494	0.01661	0.99975	-007.8944	-063.2279	827.8363	0.96825	0.24713	0.03770	-0.24824	0.96829	0.02823	-0.02953	-0.03669	0.99889	037.9291	-079.4056	826.3475	0.93660	0.34994	0.01780	-0.35021	0.93655	0.01497	-0.01143	-0.02025	0.99973	084.0593	-100.4696	824.7944	0.88823	0.45935	0.00611	-0.43707	0.84909	-0.29668	-0.14147	0.26085	0.95496	125.3229	-124.2772	821.9413	0.84420	0.53572	-0.01804	-0.53479	0.83950	-0.09613	-0.03635	0.09080	0.99521	164.1568	-154.4012	819.2715	0.77281	0.55546	-0.30696	-0.63363	0.70246	-0.32412	0.03559	0.44498	0.89483	
28	-070.9347	053.8496	789.2331	-0.98429	-0.00857	0.17636	0.00616	-0.99988	-0.01420	0.17646	-0.01289	0.98422	-207.2442	-026.8238	834.8705	-0.03844	0.99846	0.04011	-0.99911	-0.03771	-0.01885	-0.01731	-0.04079	0.99902	-155.4112	-040.0890	833.1172	0.99823	0.03407	0.04873	-0.03983	0.99167	0.12248	-0.04415	-0.12421	0.99127	-105.8261	-043.9450	831.0456	0.99166	0.09429	0.08790	-0.09559	0.99536	0.01070	-0.08648	-0.01901	0.99607	-057.1158	-050.9647	830.0880	0.98205	0.18861	0.00220	-0.18805	0.97812	0.08897	0.01463	-0.08778	0.99603	-007.8933	-063.2245	827.8604	0.96812	0.24980	0.01872	-0.25031	0.96761	0.03295	-0.00989	-0.03658	0.99928	037.9286	-079.4030	826.3259	0.93666	0.34982	0.01740	-0.35004	0.93666	0.01204	-0.01208	-0.01737	0.99978	084.0443	-100.4825	824.7705	0.89150	0.45291	0.01029	-0.44570	0.88093	-0.15912	-0.08113	0.13727	0.98721	125.3248	-124.2775	821.9857	0.84471	0.53523	-0.00074	-0.53337	0.84166	-0.08434	-0.04452	0.07164	0.99644	164.2261	-154.5320	820.0782	0.78007	0.60549	0.15772	-0.61853	0.78427	0.04842	-0.09438	-0.13533	0.98630	
29	-070.9345	053.8474	789.2344	-0.98435	-0.00882	0.17601	0.00606	-0.99985	-0.01621	0.17612	-0.01489	0.98426	-207.2497	-026.7993	834.8740	-0.03777	0.99875	0.03263	-0.99920	-0.03733	-0.01418	-0.01294	-0.03314	0.99937	-155.4134	-040.0942	833.1918	0.99819	0.03291	0.05043	-0.03849	0.99274	0.11399	-0.04631	-0.11573	0.99220	-105.8232	-043.9473	831.0242	0.99141	0.09377	0.09119	-0.09538	0.99535	0.01345	-0.08950	-0.02203	0.99574	-057.1334	-050.9651	829.3835	0.97789	0.17853	0.10889	-0.17249	0.98302	-0.06260	-0.11822	0.04243	0.99208	-007.8933	-063.2245	827.8604	0.96812	0.24980	0.01872	-0.25031	0.96761	0.03295	-0.00989	-0.03658	0.99928	037.9282	-079.4053	826.3471	0.93652	0.35017	0.01779	-0.35046	0.93643	0.01674	-0.01079	-0.02191	0.99970	084.0443	-100.4887	824.7705	0.89107	0.45375	0.01072	-0.44655	0.88067	-0.15814	-0.08120	0.13613	0.98736	125.3267	-124.2800	822.0385	0.84492	0.53483	0.00828	-0.53294	0.84306	-0.07224	-0.04561	0.05662	0.99735	164.1852	-154.5713	820.0522	0.78052	0.61307	-0.12220	-0.62507	0.76263	-0.16636	-0.00880	0.20623	0.97846	
30	-070.9344	053.8465	789.2278	-0.98421	-0.00851	0.17682	0.00610	-0.99988	-0.01418	0.17692	-0.01288	0.98414	-207.2533	-026.7966	834.9046	-0.03780	0.99881	0.03092	-0.99915	-0.03727	-0.01748	-0.01630	-0.03155	0.99937	-155.4142	-040.2438	832.1699	0.98789	0.03073	0.15206	-0.04421	0.99531	0.08605	-0.14870	-0.09173	0.98462	-105.8192	-043.9514	831.0323	0.99195	0.09459	0.08416	-0.09580	0.99535	0.01049	-0.08277	-0.01846	0.99640	-057.1247	-050.9757	829.7301	0.98367	0.17797	0.02671	-0.17839	0.98385	0.01443	-0.02371	-0.01896	0.99954	-007.8937	-063.2255	827.8840	0.96814	0.24941	0.02233	-0.25012	0.96745	0.03854	-0.01199	-0.04290	0.99901	037.9292	-079.4065	826.3548	0.93664	0.34977	0.01904	-0.35009	0.93656	0.01712	-0.01184	-0.02270	0.99967	083.9120	-100.5146	824.1203	0.90038	0.43490	-0.01364	-0.42859	0.89186	0.14455	0.07503	-0.12430	0.98940	125.3286	-124.2720	822.0321	0.84522	0.53442	-0.00139	-0.53273	0.84232	-0.08179	-0.04254	0.06987	0.99665	164.2031	-154.5967	820.0373	0.78144	0.62041	-0.06657	-0.62330	0.77120	-0.12940	-0.02894	0.14261	0.98936	
31	-070.9836	053.8304	789.4688	-0.98507	-0.01131	0.17179	0.00611	-0.99951	-0.03078	0.17205	-0.02927	0.98465	-207.2910	-026.8018	834.9505	-0.03779	0.99852	0.03909	-0.99927	-0.03754	-0.00716	-0.00569	-0.03934	0.99921	-156.2945	-043.1068	833.6405	0.99313	0.10179	0.05775	-0.10377	0.99407	0.03245	-0.05411	-0.03822	0.99780	-107.9210	-052.6932	831.9950	0.97554	0.21347	0.05246	-0.21856	0.96748	0.12737	-0.02357	-0.13572	0.99047	-061.2317	-067.3465	831.1941	0.93948	0.33653	0.06417	-0.34137	0.93537	0.09243	-0.02891	-0.10874	0.99365	0 	 0	0	0 	 0	0	0 	 0	0	0 	 0	0	026.7990	-113.0282	830.9516	0.85513	0.51813	0.01742	-0.51828	0.85364	0.05176	0.01195	-0.05329	0.99851	068.9777	-141.7170	830.5002	0.81061	0.58456	-0.03471	-0.58533	0.81059	-0.01811	0.01755	0.03500	0.99923	107.6103	-170.7630	830.2590	0.78255	0.61795	-0.07579	-0.62232	0.77993	-0.06648	0.01803	0.09919	0.99491	144.9913	-204.1711	830.1726	0.75682	0.65334	-0.01921	-0.65357	0.75680	-0.00997	0.00802	0.02010	0.99977	
32	-070.9835	053.8302	789.4710	-0.98509	-0.01119	0.17166	0.00601	-0.99951	-0.03071	0.17192	-0.02922	0.98468	-207.2880	-026.8042	834.9311	-0.03795	0.99876	0.03235	-0.99926	-0.03772	-0.00762	-0.00639	-0.03262	0.99945	-156.2956	-043.1088	833.6466	0.99302	0.10213	0.05898	-0.10433	0.99391	0.03551	-0.05500	-0.04142	0.99763	-108.0030	-052.6817	832.5698	0.95711	0.19898	0.21056	-0.20971	0.97731	0.02969	-0.19988	-0.07258	0.97713	-061.2493	-067.3575	831.3619	0.93811	0.34571	-0.02067	-0.34537	0.93828	0.01846	0.02578	-0.01018	0.99962	-015.3857	-088.6650	830.4404	0.90311	0.42579	-0.05562	-0.42780	0.90335	-0.03082	0.03712	0.05162	0.99798	026.7986	-113.0298	830.9471	0.85519	0.51785	0.02195	-0.51822	0.85345	0.05532	0.00991	-0.05869	0.99823	068.9664	-141.7150	830.4503	0.81144	0.58385	-0.02622	-0.58395	0.81178	0.00480	0.02409	0.01142	0.99964	107.5383	-170.8622	829.9975	0.77758	0.62641	0.05460	-0.62728	0.77879	-0.00138	-0.04338	-0.03318	0.99851	145.0804	-204.2850	830.7491	0.75539	0.63029	0.17921	-0.65526	0.72825	0.20070	-0.00402	-0.26903	0.96312	
33	-070.9833	053.8298	789.4679	-0.98508	-0.01112	0.17176	0.00609	-0.99954	-0.02978	0.17201	-0.02829	0.98469	-207.2849	-026.8033	834.9365	-0.03802	0.99847	0.04023	-0.99927	-0.03787	-0.00461	-0.00308	-0.04037	0.99918	-156.2958	-043.1111	833.6438	0.99288	0.10035	0.06425	-0.10280	0.99405	0.03610	-0.06024	-0.04245	0.99728	-108.0030	-052.6817	832.5698	0.95729	0.19818	0.21054	-0.20893	0.97747	0.02987	-0.19988	-0.07258	0.97713	-061.2577	-067.3575	831.3619	0.93811	0.34571	-0.02067	-0.34537	0.93828	0.01846	0.02578	-0.01018	0.99962	-015.2463	-088.5395	830.9433	0.89974	0.43452	0.04076	-0.43641	0.89502	0.09211	0.00354	-0.10066	0.99491	026.7987	-113.0308	830.9341	0.85496	0.51853	0.01333	-0.51849	0.85360	0.05044	0.01478	-0.05003	0.99864	068.9644	-141.7174	830.4425	0.81081	0.58459	-0.02896	-0.58481	0.81117	0.00112	0.02415	0.01603	0.99958	107.5411	-170.8662	830.0053	0.77897	0.62305	0.07078	-0.62535	0.78022	0.01434	-0.04629	-0.05544	0.99739	144.9961	-204.1825	830.2025	0.75679	0.65366	0.00067	-0.65363	0.75673	0.01118	0.00680	-0.00890	0.99994	
34	-070.9833	053.8303	789.4590	-0.98505	-0.01105	0.17191	0.00611	-0.99955	-0.02926	0.17216	-0.02777	0.98468	-207.2879	-026.8046	834.9574	-0.03824	0.99868	0.03422	-0.99925	-0.03802	-0.00708	-0.00577	-0.03447	0.99939	-156.2970	-043.1122	833.6654	0.99289	0.10152	0.06216	-0.10414	0.99374	0.04035	-0.05768	-0.04653	0.99725	-107.9801	-052.6498	832.3122	0.97428	0.22476	0.01594	-0.22502	0.96681	0.12104	0.01179	-0.12152	0.99252	-061.2671	-067.3594	831.3510	0.93819	0.34611	0.00305	-0.34610	0.93802	0.01842	0.00351	-0.01834	0.99983	-015.2841	-088.4982	831.1552	0.90189	0.43115	0.02655	-0.43119	0.89486	0.11537	0.02599	-0.11550	0.99297	026.7989	-113.0318	830.9350	0.85495	0.51848	0.01557	-0.51859	0.85366	0.04829	0.01175	-0.04936	0.99871	068.9681	-141.7169	830.4440	0.81152	0.58339	-0.03295	-0.58391	0.81178	-0.00813	0.02200	0.02584	0.99942	107.5408	-170.8737	830.0000	0.78012	0.62562	0.00160	-0.62543	0.77994	-0.02285	-0.01554	0.01682	0.99974	144.9980	-204.1804	830.1920	0.75702	0.65340	-0.00065	-0.65338	0.75700	0.00683	0.00495	-0.00474	0.99998	
35	-070.9827	053.8311	789.4716	-0.98503	-0.01112	0.17205	0.00615	-0.99955	-0.02942	0.17230	-0.02792	0.98465	-207.2882	-026.8045	834.9650	-0.03826	0.99850	0.03929	-0.99926	-0.03806	-0.00589	-0.00439	-0.03948	0.99921	-156.2970	-043.1122	833.6654	0.99289	0.10152	0.06222	-0.10413	0.99375	0.04031	-0.05774	-0.04650	0.99725	-107.9748	-052.6571	832.2523	0.97140	0.22745	0.06821	-0.23051	0.97221	0.04081	-0.05703	-0.05537	0.99684	-061.3210	-067.4836	830.8422	0.93478	0.35360	0.03385	-0.35061	0.93377	-0.07178	-0.05699	0.05523	0.99685	-015.2841	-088.4982	831.1552	0.90189	0.43115	0.02655	-0.43119	0.89486	0.11537	0.02599	-0.11550	0.99297	026.8002	-113.0335	830.9442	0.85491	0.51857	0.01453	-0.51865	0.85378	0.04546	0.01117	-0.04640	0.99886	068.9915	-141.7157	831.0190	0.80301	0.58515	-0.11303	-0.59590	0.78543	-0.16734	-0.00914	0.20173	0.97940	107.5422	-170.8839	830.0524	0.77987	0.62594	-0.00266	-0.62576	0.77953	-0.02765	-0.01523	0.02322	0.99961	144.9991	-204.1844	830.1920	0.75702	0.65340	-0.00065	-0.65338	0.75700	0.00683	0.00495	-0.00474	0.99998	
36	-070.9829	053.8315	789.4808	-0.98509	-0.01140	0.17169	0.00622	-0.99951	-0.03065	0.17195	-0.02912	0.98467	-207.2869	-026.8060	834.9547	-0.03805	0.99853	0.03848	-0.99926	-0.03777	-0.00788	-0.00642	-0.03875	0.99923	-156.2970	-043.1127	833.6690	0.99321	0.10218	0.05564	-0.10457	0.99363	0.04199	-0.05100	-0.04752	0.99757	-107.9679	-052.6654	832.1814	0.97240	0.22367	0.06640	-0.22595	0.97371	0.02901	-0.05816	-0.04321	0.99737	-061.3618	-067.5488	829.8817	0.93122	0.36068	0.05231	-0.34972	0.92472	-0.15032	-0.10259	0.12169	0.98725	-015.2963	-088.4896	831.2827	0.90209	0.42932	0.04374	-0.43059	0.88873	0.15735	0.02868	-0.16078	0.98657	026.8005	-113.0344	830.9320	0.85517	0.51817	0.01381	-0.51824	0.85412	0.04362	0.01081	-0.04446	0.99895	069.0675	-141.7434	830.9581	0.81321	0.57679	0.07745	-0.58142	0.81099	0.06519	-0.02521	-0.09804	0.99486	107.5413	-170.8912	830.0796	0.78000	0.62574	-0.00738	-0.62564	0.77953	-0.03019	-0.01313	0.02816	0.99952	145.0004	-204.1873	830.1824	0.75671	0.65348	-0.01866	-0.65371	0.75667	-0.01075	0.00710	0.02033	0.99977	
37	-070.9825	053.8325	789.4884	-0.98486	-0.01115	0.17297	0.00632	-0.99958	-0.02844	0.17321	-0.02691	0.98452	-207.2849	-026.8059	834.9472	-0.03818	0.99868	0.03439	-0.99925	-0.03793	-0.00778	-0.00647	-0.03466	0.99938	-156.2973	-043.1120	833.6540	0.99333	0.10199	0.05375	-0.10369	0.99416	0.02993	-0.05038	-0.03530	0.99811	-107.9597	-052.6494	832.0641	0.97258	0.22500	0.05878	-0.22451	0.97436	-0.01485	-0.06061	0.00124	0.99816	-061.3339	-067.2704	831.6127	0.93278	0.34336	-0.10968	-0.35161	0.93373	-0.06722	0.07933	0.10127	0.99169	-015.3070	-088.4755	831.4101	0.90238	0.42664	0.06063	-0.42978	0.88071	0.19909	0.03154	-0.20571	0.97810	026.8005	-113.0345	830.9386	0.85517	0.51817	0.01381	-0.51824	0.85412	0.04362	0.01081	-0.04446	0.99895	069.0675	-141.7434	830.9581	0.81321	0.57679	0.07745	-0.58142	0.81099	0.06519	-0.02521	-0.09804	0.99486	107.5423	-170.8929	830.0849	0.78022	0.62550	-0.00340	-0.62536	0.77990	-0.02628	-0.01379	0.02263	0.99965	145.0068	-204.1919	830.2288	0.75670	0.65355	-0.01668	-0.65372	0.75669	-0.00794	0.00743	0.01691	0.99983	
