"#"	"Reference X"	"Reference Y"	"Reference Z"	"Reference R11"	"Reference R12"	"Reference R13"	"Reference R21"	"Reference R22"	"Reference R23"	"Reference R31"	"Reference R32"	"Reference R33"	"TR_1 X"	"TR_1 Y"	"TR_1 Z"	"TR_1 R11"	"TR_1 R12"	"TR_1 R13"	"TR_1 R21"	"TR_1 R22"	"TR_1 R23"	"TR_1 R31"	"TR_1 R32"	"TR_1 R33"	"TR_2 X"	"TR_2 Y"	"TR_2 Z"	"TR_2 R11"	"TR_2 R12"	"TR_2 R13"	"TR_2 R21"	"TR_2 R22"	"TR_2 R23"	"TR_2 R31"	"TR_2 R32"	"TR_2 R33"	"TR_3 X"	"TR_3 Y"	"TR_3 Z"	"TR_3 R11"	"TR_3 R12"	"TR_3 R13"	"TR_3 R21"	"TR_3 R22"	"TR_3 R23"	"TR_3 R31"	"TR_3 R32"	"TR_3 R33"	"TR_4 X"	"TR_4 Y"	"TR_4 Z"	"TR_4 R11"	"TR_4 R12"	"TR_4 R13"	"TR_4 R21"	"TR_4 R22"	"TR_4 R23"	"TR_4 R31"	"TR_4 R32"	"TR_4 R33"	"TR_5 X"	"TR_5 Y"	"TR_5 Z"	"TR_5 R11"	"TR_5 R12"	"TR_5 R13"	"TR_5 R21"	"TR_5 R22"	"TR_5 R23"	"TR_5 R31"	"TR_5 R32"	"TR_5 R33"	"TR_7 X"	"TR_7 Y"	"TR_7 Z"	"TR_7 R11"	"TR_7 R12"	"TR_7 R13"	"TR_7 R21"	"TR_7 R22"	"TR_7 R23"	"TR_7 R31"	"TR_7 R32"	"TR_7 R33"	"TR_8 X"	"TR_8 Y"	"TR_8 Z"	"TR_8 R11"	"TR_8 R12"	"TR_8 R13"	"TR_8 R21"	"TR_8 R22"	"TR_8 R23"	"TR_8 R31"	"TR_8 R32"	"TR_8 R33"	"TR_6 X"	"TR_6 Y"	"TR_6 Z"	"TR_6 R11"	"TR_6 R12"	"TR_6 R13"	"TR_6 R21"	"TR_6 R22"	"TR_6 R23"	"TR_6 R31"	"TR_6 R32"	"TR_6 R33"	
1	-191.9760	-046.5099	908.8515	-0.00440	0.99950	-0.03128	-0.99996	-0.00462	-0.00708	-0.00722	0.03125	0.99949	-138.7993	-053.4470	910.6406	0.99297	-0.11739	0.01531	0.11678	0.99251	0.03595	-0.01942	-0.03391	0.99924	-088.4050	-046.0772	912.5056	0.98727	-0.15791	-0.01922	0.15823	0.98726	0.01680	0.01632	-0.01962	0.99967	-039.0674	-036.8033	914.6452	0.98310	-0.18134	-0.02520	0.18044	0.98299	-0.03418	0.03097	0.02905	0.99910	011.5520	-026.3576	916.7803	0.97758	-0.20841	-0.03016	0.20759	0.97781	-0.02821	0.03538	0.02132	0.99915	060.1521	-017.4960	919.2095	0.97847	-0.19890	-0.05507	0.20121	0.97872	0.04017	0.04591	-0.05039	0.99767	158.6763	002.1964	922.5075	0.98378	-0.17881	-0.01430	0.17769	0.98235	-0.05849	0.02450	0.05500	0.99819	208.2640	009.5077	924.3642	0.98705	-0.16039	-0.00168	0.16009	0.98576	-0.05142	0.00990	0.05048	0.99868	0 	 0	0	0 	 0	0	0 	 0	0	0 	 0	0	
2	-191.9760	-046.5087	908.8364	-0.00424	0.99931	-0.03691	-0.99996	-0.00455	-0.00829	-0.00845	0.03687	0.99928	-138.8003	-053.4470	910.6406	0.99298	-0.11738	0.01445	0.11680	0.99251	0.03585	-0.01855	-0.03391	0.99925	-088.4045	-046.0768	912.5023	0.98724	-0.15801	-0.01974	0.15834	0.98724	0.01695	0.01681	-0.01986	0.99966	-039.0684	-036.8039	914.6455	0.98299	-0.18188	-0.02539	0.18065	0.98254	-0.04452	0.03305	0.03917	0.99869	011.5509	-026.3581	916.7831	0.97739	-0.20817	-0.03696	0.20760	0.97804	-0.01865	0.04003	0.01055	0.99914	060.1508	-017.4944	919.1909	0.97846	-0.19921	-0.05416	0.20112	0.97903	0.03254	0.04654	-0.04273	0.99800	158.6775	002.1957	922.5142	0.98376	-0.17914	-0.01154	0.17822	0.98235	-0.05684	0.02151	0.05386	0.99832	208.2645	009.5075	924.3783	0.98700	-0.16069	-0.00169	0.16060	0.98672	-0.02442	0.00560	0.02383	0.99970	110.8283	-007.0952	921.2582	0.98021	-0.18867	-0.05999	0.18877	0.98201	-0.00409	0.05969	-0.00731	0.99819	
3	-191.9770	-046.5068	908.8354	-0.00431	0.99935	-0.03568	-0.99996	-0.00457	-0.00730	-0.00745	0.03565	0.99934	-138.8014	-053.4475	910.6608	0.99315	-0.11668	0.00666	0.11636	0.99252	0.03682	-0.01091	-0.03579	0.99930	-088.4027	-046.0785	912.4957	0.98733	-0.15771	-0.01770	0.15787	0.98743	0.00807	0.01621	-0.01077	0.99981	-039.0673	-036.8046	914.6577	0.98316	-0.18139	-0.02201	0.18061	0.98299	-0.03344	0.02770	0.02890	0.99920	011.5509	-026.3584	916.7831	0.97740	-0.20815	-0.03696	0.20758	0.97804	-0.01865	0.04003	0.01055	0.99914	060.1508	-017.4944	919.1909	0.97846	-0.19921	-0.05416	0.20112	0.97903	0.03254	0.04654	-0.04273	0.99800	158.6770	002.1987	922.5016	0.98371	-0.17915	-0.01466	0.17809	0.98244	-0.05556	0.02436	0.05205	0.99835	208.2669	009.5075	924.3770	0.98700	-0.16069	-0.00187	0.16060	0.98672	-0.02442	0.00577	0.02381	0.99970	110.8282	-007.0952	921.2582	0.98021	-0.18867	-0.05999	0.18877	0.98201	-0.00409	0.05969	-0.00731	0.99819	
4	-191.9789	-046.5071	908.8586	-0.00408	0.99939	-0.03458	-0.99996	-0.00436	-0.00799	-0.00814	0.03455	0.99937	-138.8011	-053.4474	910.6608	0.99315	-0.11668	0.00666	0.11636	0.99252	0.03682	-0.01091	-0.03579	0.99930	-088.4028	-046.0782	912.5117	0.98730	-0.15775	-0.01909	0.15793	0.98742	0.00824	0.01755	-0.01115	0.99978	-039.0668	-036.8057	914.6457	0.98307	-0.18152	-0.02508	0.18035	0.98266	-0.04302	0.03245	0.03776	0.99876	011.5505	-026.3581	916.7837	0.97732	-0.20800	-0.03969	0.20759	0.97811	-0.01426	0.04178	0.00570	0.99911	060.1508	-017.4938	919.1958	0.97840	-0.19880	-0.05661	0.20086	0.97905	0.03338	0.04879	-0.04403	0.99784	158.6760	002.1981	922.5057	0.98376	-0.17913	-0.01131	0.17817	0.98221	-0.05935	0.02174	0.05637	0.99817	208.2683	009.5092	924.3779	0.98698	-0.16080	-0.00280	0.16058	0.98631	-0.03739	0.00877	0.03645	0.99930	110.8282	-007.0952	921.2582	0.98021	-0.18867	-0.05999	0.18877	0.98201	-0.00409	0.05969	-0.00731	0.99819	
5	-191.9788	-046.5071	908.8374	-0.00393	0.99941	-0.03412	-0.99995	-0.00423	-0.00869	-0.00883	0.03409	0.99938	-138.8017	-053.4481	910.6746	0.99314	-0.11687	0.00325	0.11671	0.99265	0.03215	-0.00699	-0.03155	0.99948	-088.4024	-046.0795	912.5011	0.98721	-0.15782	-0.02266	0.15812	0.98735	0.01204	0.02048	-0.01547	0.99967	-039.0660	-036.8063	914.6467	0.98330	-0.18110	-0.01785	0.18075	0.98333	-0.01959	0.02110	0.01604	0.99965	011.5503	-026.3586	916.7671	0.97734	-0.20817	-0.03843	0.20751	0.97802	-0.02036	0.04183	0.01192	0.99905	060.1509	-017.4942	919.2161	0.97838	-0.19843	-0.05827	0.20074	0.97895	0.03684	0.04974	-0.04774	0.99762	158.6800	002.1971	922.5193	0.98373	-0.17907	-0.01414	0.17810	0.98259	-0.05293	0.02337	0.04956	0.99850	208.2718	009.5078	924.3802	0.98699	-0.16079	-0.00241	0.16069	0.98675	-0.02220	0.00594	0.02152	0.99975	110.8282	-007.0952	921.2582	0.98021	-0.18867	-0.05999	0.18877	0.98201	-0.00409	0.05969	-0.00731	0.99819	
6	-191.9793	-046.5085	908.8340	-0.00372	0.99918	-0.04036	-0.99994	-0.00414	-0.01032	-0.01048	0.04032	0.99913	-138.8005	-053.4484	910.6457	0.99310	-0.11698	0.00790	0.11664	0.99256	0.03500	-0.01193	-0.03383	0.99936	-088.4014	-046.0813	912.5306	0.98717	-0.15784	-0.02416	0.15824	0.98727	0.01598	0.02133	-0.01960	0.99958	-039.0199	-036.7684	913.8959	0.98305	-0.18327	0.00417	0.18197	0.97288	-0.14279	0.02211	0.14113	0.98974	011.5497	-026.3586	916.7671	0.97734	-0.20816	-0.03847	0.20751	0.97802	-0.02019	0.04183	0.01175	0.99906	060.1509	-017.4942	919.2161	0.97838	-0.19844	-0.05827	0.20075	0.97895	0.03684	0.04974	-0.04774	0.99762	158.6757	002.1986	922.4893	0.98366	-0.17929	-0.01614	0.17802	0.98216	-0.06053	0.02670	0.05666	0.99804	208.2776	009.5080	924.3988	0.98678	-0.16201	-0.00473	0.16124	0.98422	-0.07292	0.01647	0.07119	0.99733	110.8282	-007.0952	921.2582	0.98021	-0.18867	-0.05999	0.18876	0.98201	-0.00409	0.05969	-0.00731	0.99819	
7	-191.9799	-046.5083	908.8423	-0.00314	0.99935	-0.03585	-0.99987	-0.00371	-0.01558	-0.01570	0.03580	0.99924	-138.7988	-053.4492	910.6264	0.99308	-0.11724	0.00684	0.11699	0.99269	0.02967	-0.01027	-0.02866	0.99954	-088.4037	-046.0828	912.5356	0.98719	-0.15876	-0.01581	0.15919	0.98675	0.03122	0.01064	-0.03334	0.99939	-039.0634	-036.8048	914.5962	0.98328	-0.18143	-0.01572	0.18087	0.98300	-0.03168	0.02120	0.02831	0.99937	011.5484	-026.3602	916.7701	0.97728	-0.20887	-0.03588	0.20743	0.97743	-0.04010	0.04344	0.03175	0.99855	060.1518	-017.4936	919.2104	0.97864	-0.19876	-0.05255	0.20078	0.97896	0.03648	0.04419	-0.04625	0.99795	158.6771	002.1977	922.4986	0.98381	-0.17849	-0.01621	0.17722	0.98231	-0.06044	0.02671	0.05659	0.99804	208.2826	009.5092	924.4145	0.98692	-0.16118	-0.00353	0.16054	0.98455	-0.06995	0.01476	0.06847	0.99754	110.8282	-007.0952	921.2582	0.98021	-0.18867	-0.05999	0.18876	0.98201	-0.00409	0.05969	-0.00731	0.99819	
8	-191.9802	-046.5090	908.8545	-0.00327	0.99953	-0.03052	-0.99994	-0.00359	-0.01052	-0.01063	0.03048	0.99948	-138.7984	-053.4497	910.6169	0.99302	-0.11737	0.01138	0.11692	0.99255	0.03422	-0.01531	-0.03265	0.99935	-088.4039	-046.0837	912.5264	0.98722	-0.15711	-0.02659	0.15782	0.98710	0.02690	0.02202	-0.03075	0.99928	-039.0622	-036.8040	914.6366	0.98335	-0.18074	-0.01870	0.18040	0.98342	-0.01860	0.02175	0.01492	0.99965	011.5467	-026.3612	916.7430	0.97709	-0.20920	-0.03907	0.20798	0.97758	-0.03299	0.04510	0.02411	0.99869	060.1518	-017.4941	919.2104	0.97864	-0.19875	-0.05262	0.20079	0.97894	0.03683	0.04419	-0.04661	0.99794	158.6754	002.1977	922.4869	0.98380	-0.17854	-0.01619	0.17727	0.98230	-0.06051	0.02671	0.05666	0.99804	208.2846	009.5095	924.4335	0.98686	-0.16142	-0.00783	0.16093	0.98599	-0.04382	0.01479	0.04198	0.99901	110.8266	-007.0956	921.2505	0.98025	-0.18841	-0.06018	0.18906	0.98195	0.00527	0.05810	-0.01654	0.99817	
9	-191.9761	-046.5096	908.8238	-0.00355	0.99932	-0.03660	-0.99995	-0.00389	-0.00916	-0.00929	0.03656	0.99929	-138.7991	-053.4506	910.6269	0.99322	-0.11624	0.00001	0.11618	0.99267	0.03341	-0.00390	-0.03318	0.99944	-088.4039	-046.0837	912.5264	0.98724	-0.15702	-0.02659	0.15776	0.98708	0.02815	0.02183	-0.03199	0.99925	-039.0638	-036.8042	914.6529	0.98327	-0.18139	-0.01675	0.18094	0.98316	-0.02549	0.02109	0.02204	0.99953	011.5455	-026.3594	916.7399	0.97699	-0.20983	-0.03826	0.20879	0.97752	-0.02934	0.04355	0.02068	0.99884	060.1518	-017.4938	919.2029	0.97872	-0.19894	-0.05025	0.20083	0.97897	0.03597	0.04204	-0.04529	0.99809	158.6726	002.1956	922.4755	0.98369	-0.17899	-0.01785	0.17756	0.98211	-0.06273	0.02876	0.05854	0.99787	208.2855	009.5114	924.4143	0.98686	-0.16149	-0.00589	0.16065	0.98434	-0.07253	0.01751	0.07063	0.99735	110.8262	-007.0961	921.2483	0.98038	-0.18852	-0.05765	0.18878	0.98202	-0.00099	0.05680	-0.00991	0.99834	
10	-191.9753	-046.5111	908.8237	-0.00360	0.99922	-0.03924	-0.99996	-0.00391	-0.00779	-0.00794	0.03921	0.99920	-138.7998	-053.4509	910.6148	0.99317	-0.11637	0.00829	0.11603	0.99267	0.03384	-0.01217	-0.03265	0.99939	-088.4047	-046.0827	912.5275	0.98733	-0.15698	-0.02321	0.15759	0.98714	0.02701	0.01867	-0.03032	0.99937	-039.0647	-036.8034	914.6510	0.98318	-0.18102	-0.02422	0.18036	0.98323	-0.02692	0.02869	0.02210	0.99934	011.5447	-026.3591	916.7356	0.97732	-0.20893	-0.03458	0.20788	0.97764	-0.03172	0.04043	0.02381	0.99890	060.1513	-017.4934	919.2080	0.97880	-0.19910	-0.04804	0.20088	0.97897	0.03544	0.03997	-0.04434	0.99822	158.6736	002.1956	922.4755	0.98371	-0.17891	-0.01768	0.17749	0.98211	-0.06285	0.02861	0.05869	0.99787	208.2855	009.5111	924.4260	0.98684	-0.16156	-0.00589	0.16072	0.98434	-0.07244	0.01750	0.07054	0.99736	110.8262	-007.0961	921.2483	0.98034	-0.18873	-0.05763	0.18899	0.98198	-0.00100	0.05678	-0.00991	0.99834	
11	-191.9718	-046.5191	908.7641	-0.00326	0.99916	-0.04083	-0.99990	-0.00381	-0.01335	-0.01349	0.04078	0.99908	-138.7757	-053.4560	910.7625	0.99326	-0.11586	-0.00074	0.11583	0.99281	0.03025	-0.00277	-0.03013	0.99954	-088.3563	-046.1279	912.7271	0.98760	-0.15614	-0.01657	0.15685	0.98588	0.05858	0.00719	-0.06045	0.99815	-038.9969	-036.8859	915.4814	0.97902	-0.17353	-0.10682	0.17267	0.98483	-0.01731	0.10820	-0.00150	0.99413	011.6238	-026.5098	917.6402	0.97582	-0.20504	-0.07576	0.20646	0.97839	0.01127	0.07181	-0.02664	0.99706	060.2608	-017.7035	920.7941	0.97833	-0.19707	-0.06350	0.19749	0.98031	0.00028	0.06219	-0.01281	0.99798	158.7329	002.0071	925.6593	0.98083	-0.18738	-0.05346	0.17495	0.96764	-0.18182	0.08580	0.16898	0.98188	208.3863	009.3967	927.7695	0.98523	-0.16257	-0.05382	0.16151	0.98659	-0.02353	0.05692	0.01449	0.99827	110.9345	-007.3527	923.2712	0.97930	-0.19137	-0.06588	0.18889	0.98109	-0.04213	0.07269	0.02881	0.99694	
12	-191.9696	-046.5175	908.7613	-0.00304	0.99927	-0.03814	-0.99989	-0.00360	-0.01472	-0.01485	0.03809	0.99916	-138.7751	-053.4543	910.7706	0.99330	-0.11555	-0.00238	0.11552	0.99191	0.05264	-0.00373	-0.05257	0.99861	-088.3563	-046.1279	912.7342	0.98759	-0.15619	-0.01658	0.15690	0.98588	0.05858	0.00719	-0.06046	0.99814	-038.9753	-036.8850	915.2846	0.98178	-0.17772	-0.06724	0.17637	0.98399	-0.02557	0.07071	0.01324	0.99741	011.6223	-026.5105	917.6398	0.97620	-0.20585	-0.06825	0.20543	0.97858	-0.01316	0.06949	-0.00117	0.99758	060.2607	-017.7026	920.7583	0.97866	-0.19719	-0.05773	0.19759	0.98028	0.00123	0.05635	-0.01261	0.99833	158.7355	001.9745	925.4896	0.98345	-0.17927	-0.02638	0.17765	0.98259	-0.05439	0.03567	0.04881	0.99817	208.3844	009.3957	927.7182	0.98528	-0.16282	-0.05205	0.16145	0.98644	-0.02965	0.05617	0.02081	0.99820	110.9342	-007.3525	923.2684	0.97921	-0.19152	-0.06688	0.18871	0.98095	-0.04615	0.07444	0.03257	0.99669	
13	-191.9689	-046.5170	908.7552	-0.00376	0.99925	-0.03841	-0.99992	-0.00422	-0.01194	-0.01209	0.03836	0.99919	-138.7758	-053.4533	910.7703	0.99327	-0.11552	-0.00845	0.11572	0.99287	0.02847	0.00510	-0.02926	0.99956	-088.3557	-046.1259	912.7224	0.98760	-0.15645	-0.01327	0.15692	0.98632	0.05054	0.00518	-0.05199	0.99863	-038.9755	-036.8888	915.3466	0.98071	-0.17717	-0.08253	0.17485	0.98399	-0.03452	0.08732	0.01943	0.99599	011.6249	-026.5114	917.6384	0.97588	-0.20550	-0.07370	0.20545	0.97863	-0.00836	0.07384	-0.00698	0.99725	060.2607	-017.7026	920.7583	0.97867	-0.19715	-0.05773	0.19755	0.98029	0.00123	0.05635	-0.01261	0.99833	158.7647	001.9746	925.4150	0.98328	-0.18042	-0.02457	0.17737	0.97956	-0.09486	0.04118	0.08891	0.99519	208.3844	009.3957	927.7182	0.98529	-0.16279	-0.05205	0.16142	0.98644	-0.02965	0.05618	0.02081	0.99820	110.9344	-007.3520	923.2658	0.97907	-0.19189	-0.06778	0.18871	0.98073	-0.05064	0.07619	0.03679	0.99641	
14	-191.9691	-046.5176	908.7551	-0.00412	0.99928	-0.03768	-0.99995	-0.00446	-0.00886	-0.00902	0.03765	0.99925	-138.7752	-053.4528	910.7694	0.99322	-0.11628	-0.00097	0.11623	0.99243	0.03963	-0.00365	-0.03948	0.99921	-088.3557	-046.1259	912.7240	0.98761	-0.15639	-0.01322	0.15687	0.98633	0.05055	0.00513	-0.05199	0.99863	-038.9732	-036.8914	915.2390	0.98286	-0.17918	-0.04343	0.17835	0.98371	-0.02234	0.04673	0.01421	0.99881	011.6229	-026.5114	917.6384	0.97588	-0.20550	-0.07370	0.20545	0.97863	-0.00836	0.07384	-0.00698	0.99725	060.2601	-017.7020	920.7628	0.97828	-0.19736	-0.06333	0.19766	0.98027	-0.00161	0.06239	-0.01094	0.99799	158.7754	001.9786	925.5363	0.98299	-0.18021	-0.03541	0.17770	0.98197	-0.06455	0.04640	0.05716	0.99729	208.3851	009.3941	927.7240	0.98525	-0.16306	-0.05185	0.16152	0.98633	-0.03278	0.05648	0.02393	0.99812	110.9343	-007.3515	923.2631	0.97894	-0.19223	-0.06875	0.18869	0.98051	-0.05477	0.07793	0.04064	0.99613	
15	-191.9691	-046.5180	908.7531	-0.00394	0.99913	-0.04149	-0.99995	-0.00432	-0.00908	-0.00925	0.04146	0.99910	-138.7743	-053.4521	910.7755	0.99320	-0.11629	-0.00527	0.11641	0.99222	0.04407	0.00010	-0.04439	0.99901	-088.3553	-046.1250	912.7333	0.98768	-0.15526	-0.01936	0.15607	0.98639	0.05182	0.01105	-0.05420	0.99847	-038.9765	-036.8906	915.2474	0.98338	-0.17691	-0.04080	0.17650	0.98421	-0.01367	0.04258	0.00624	0.99907	011.6239	-026.5125	917.6712	0.97620	-0.20530	-0.06983	0.20455	0.97869	-0.01784	0.07201	0.00314	0.99740	060.2605	-017.7016	920.7681	0.97825	-0.19723	-0.06424	0.19761	0.98028	-0.00046	0.06306	-0.01224	0.99793	158.7044	001.9897	923.4835	0.97533	-0.16106	0.15097	0.18011	0.97601	-0.12236	-0.12764	0.14654	0.98094	208.3851	009.3941	927.7240	0.98526	-0.16306	-0.05178	0.16152	0.98633	-0.03277	0.05641	0.02393	0.99812	0 	 0	0	0 	 0	0	0 	 0	0	0 	 0	0	
16	-191.9697	-046.5190	908.7683	-0.00391	0.99914	-0.04126	-0.99993	-0.00436	-0.01093	-0.01110	0.04121	0.99909	-138.7731	-053.4516	910.7824	0.99323	-0.11614	-0.00220	0.11611	0.99206	0.04827	-0.00342	-0.04820	0.99883	-088.3547	-046.1202	912.7089	0.98752	-0.15648	-0.01765	0.15696	0.98713	0.03068	0.01262	-0.03307	0.99937	-038.9764	-036.8912	915.2801	0.98301	-0.17850	-0.04268	0.17786	0.98389	-0.01828	0.04526	0.01037	0.99892	011.6238	-026.5125	917.6601	0.97620	-0.20530	-0.06983	0.20455	0.97869	-0.01784	0.07201	0.00314	0.99740	060.2608	-017.7001	920.7356	0.97852	-0.19796	-0.05758	0.19818	0.98016	-0.00180	0.05679	-0.00965	0.99834	158.7218	002.0079	924.0149	0.98373	-0.17459	0.04244	0.17933	0.96864	-0.17200	-0.01108	0.17681	0.98418	208.3858	009.3939	927.7359	0.98524	-0.16311	-0.05201	0.16155	0.98632	-0.03281	0.05665	0.02392	0.99811	0 	 0	0	0 	 0	0	0 	 0	0	0 	 0	0	
17	-191.9714	-046.5200	908.7757	-0.00378	0.99924	-0.03880	-0.99992	-0.00423	-0.01155	-0.01170	0.03875	0.99918	-138.7727	-053.4508	910.7554	0.99321	-0.11620	0.00644	0.11586	0.99248	0.03956	-0.01099	-0.03855	0.99920	-088.3552	-046.1187	912.7048	0.98747	-0.15724	-0.01363	0.15763	0.98683	0.03618	0.00776	-0.03787	0.99925	-038.9797	-036.8837	914.6121	0.98161	-0.17815	0.06866	0.17708	0.98396	0.02133	-0.07136	-0.00878	0.99741	011.6241	-026.5137	917.6676	0.97629	-0.20555	-0.06789	0.20479	0.97864	-0.01803	0.07015	0.00370	0.99753	060.2608	-017.7001	920.7356	0.97853	-0.19791	-0.05758	0.19813	0.98017	-0.00180	0.05679	-0.00965	0.99834	158.7503	002.0036	925.7244	0.98019	-0.17971	-0.08324	0.17996	0.98366	-0.00463	0.08271	-0.01045	0.99652	208.3880	009.3919	927.7554	0.98521	-0.16308	-0.05267	0.16166	0.98638	-0.03033	0.05690	0.02137	0.99815	0 	 0	0	0 	 0	0	0 	 0	0	0 	 0	0	
18	-191.9753	-046.5212	908.7963	-0.00407	0.99928	-0.03782	-0.99995	-0.00441	-0.00891	-0.00907	0.03778	0.99924	-138.7721	-053.4498	910.7681	0.99309	-0.11658	0.01309	0.11574	0.99188	0.05266	-0.01912	-0.05078	0.99853	-088.3560	-046.1174	912.7141	0.98755	-0.15595	-0.02035	0.15680	0.98632	0.05086	0.01214	-0.05342	0.99850	-038.9767	-036.8899	915.1897	0.98343	-0.18124	0.00336	0.18079	0.98200	0.05462	-0.01320	-0.05310	0.99850	011.6241	-026.5137	917.6676	0.97629	-0.20555	-0.06789	0.20479	0.97864	-0.01803	0.07015	0.00370	0.99753	060.2605	-017.6986	920.7229	0.97834	-0.19805	-0.06022	0.19816	0.98016	-0.00416	0.05985	-0.00786	0.99818	158.7490	001.9987	925.2632	0.98241	-0.18342	-0.03496	0.17773	0.97596	-0.12617	0.05726	0.11773	0.99139	208.3866	009.3900	927.7372	0.98523	-0.16275	-0.05323	0.16168	0.98655	-0.02391	0.05641	0.01495	0.99830	110.9350	-007.3504	923.2734	0.97906	-0.19147	-0.06914	0.18872	0.98103	-0.04439	0.07632	0.03041	0.99662	
19	-191.9752	-046.5206	908.7925	-0.00368	0.99897	-0.04516	-0.99988	-0.00437	-0.01515	-0.01533	0.04510	0.99886	-138.7708	-053.4501	910.7504	0.99319	-0.11624	0.00772	0.11577	0.99221	0.04593	-0.01300	-0.04472	0.99891	-088.3558	-046.1166	912.7139	0.98759	-0.15630	-0.01511	0.15694	0.98578	0.06012	0.00550	-0.06174	0.99808	-038.9749	-036.8978	915.5480	0.97948	-0.17667	-0.09695	0.17940	0.98357	0.02015	0.09180	-0.03713	0.99509	011.6239	-026.5138	917.6632	0.97626	-0.20567	-0.06800	0.20507	0.97862	-0.01585	0.06981	0.00153	0.99756	060.2597	-017.6984	920.7721	0.97834	-0.19740	-0.06230	0.19801	0.98019	0.00378	0.06032	-0.01604	0.99805	158.7536	001.9987	925.0036	0.98369	-0.17970	-0.00752	0.17842	0.98024	-0.08546	0.02273	0.08273	0.99631	208.3865	009.3895	927.7307	0.98546	-0.16239	-0.04994	0.16203	0.98672	-0.01124	0.05110	0.00298	0.99869	110.9350	-007.3504	923.2734	0.97906	-0.19147	-0.06914	0.18872	0.98103	-0.04439	0.07632	0.03041	0.99662	
20	-191.9756	-046.5196	908.7848	-0.00404	0.99885	-0.04777	-0.99991	-0.00465	-0.01260	-0.01281	0.04771	0.99878	-138.7702	-053.4512	910.7638	0.99317	-0.11628	0.01002	0.11577	0.99238	0.04212	-0.01485	-0.04067	0.99906	-088.3558	-046.1166	912.7098	0.98759	-0.15630	-0.01510	0.15694	0.98578	0.06007	0.00550	-0.06169	0.99808	-038.9749	-036.8946	915.4537	0.98287	-0.17800	-0.04777	0.17866	0.98386	0.00985	0.04525	-0.01822	0.99881	011.6244	-026.5148	917.6722	0.97667	-0.20544	-0.06252	0.20476	0.97866	-0.01722	0.06472	0.00402	0.99790	060.2602	-017.6979	920.7600	0.97867	-0.19764	-0.05605	0.19813	0.98017	0.00341	0.05426	-0.01445	0.99842	158.7686	001.9984	924.9790	0.98353	-0.18065	-0.00521	0.17892	0.97737	-0.11281	0.02547	0.11002	0.99360	208.3873	009.3889	927.7352	0.98528	-0.16334	-0.05044	0.16208	0.98637	-0.02820	0.05436	0.01961	0.99833	110.9343	-007.3472	923.2772	0.97901	-0.19236	-0.06731	0.18847	0.98024	-0.06011	0.07755	0.04616	0.99592	
21	-191.9760	-046.5194	908.7451	-0.00318	0.99963	-0.02708	-0.99993	-0.00350	-0.01162	-0.01171	0.02704	0.99957	-138.9096	-054.2878	910.6219	0.99527	-0.09642	-0.01182	0.09658	0.99523	0.01379	0.01044	-0.01487	0.99983	-088.4431	-049.1990	910.4713	0.97504	-0.10696	-0.19456	0.15800	0.94993	0.26959	0.15598	-0.29360	0.94312	-038.8674	-041.5074	915.3357	0.98904	-0.12862	-0.07254	0.13032	0.99129	0.01921	0.06944	-0.02846	0.99718	0 	 0	0	0 	 0	0	0 	 0	0	0 	 0	0	061.1965	-027.3723	920.4304	0.98582	-0.14954	-0.07611	0.14778	0.98862	-0.02823	0.07947	0.01658	0.99670	160.6824	-012.0090	925.0366	0.98849	-0.14431	-0.04540	0.14090	0.98748	-0.07096	0.05507	0.06375	0.99645	210.4423	-005.8384	926.6119	0.99035	-0.13642	0.02429	0.13762	0.94796	-0.28711	0.01614	0.28768	0.95759	112.3532	-019.4348	922.9092	0.98813	-0.14911	-0.03688	0.14249	0.97948	-0.14252	0.05738	0.13557	0.98910	
22	-191.9760	-046.5194	908.7354	-0.00334	0.99945	-0.03308	-0.99992	-0.00375	-0.01242	-0.01254	0.03304	0.99938	-138.9093	-054.2878	910.6216	0.99530	-0.09621	-0.01106	0.09639	0.99520	0.01716	0.00935	-0.01814	0.99979	-088.3408	-048.6318	913.5539	0.98852	-0.11141	0.10206	0.12663	0.97938	-0.15743	-0.08242	0.16855	0.98224	-038.8682	-041.5081	915.3424	0.98883	-0.12876	-0.07513	0.13039	0.99132	0.01711	0.07228	-0.02671	0.99703	0 	 0	0	0 	 0	0	0 	 0	0	0 	 0	0	061.1960	-027.3718	920.4121	0.98583	-0.14978	-0.07549	0.14752	0.98845	-0.03480	0.07983	0.02317	0.99654	160.6744	-012.0097	924.9419	0.98847	-0.14506	-0.04335	0.13975	0.98435	-0.10740	0.05825	0.10010	0.99327	210.5417	-005.9000	927.6716	0.98944	-0.13841	-0.04309	0.14219	0.98451	0.10254	0.02823	-0.10759	0.99379	112.3532	-019.4348	922.9092	0.98813	-0.14925	-0.03639	0.14250	0.97900	-0.14581	0.05739	0.13889	0.98864	
23	-191.9763	-046.5198	908.7299	-0.00299	0.99914	-0.04130	-0.99989	-0.00360	-0.01457	-0.01471	0.04125	0.99904	-138.9136	-054.2882	910.6530	0.99533	-0.09608	-0.00927	0.09629	0.99502	0.02588	0.00674	-0.02665	0.99962	-088.3972	-048.5616	913.1500	0.98899	-0.10798	-0.10118	0.11460	0.99147	0.06208	0.09362	-0.07299	0.99293	-038.8701	-041.5099	915.3707	0.98862	-0.12854	-0.07816	0.13009	0.99139	0.01506	0.07555	-0.02505	0.99683	0 	 0	0	0 	 0	0	0 	 0	0	0 	 0	0	061.2051	-027.3686	921.0483	0.98392	-0.14616	-0.10265	0.15332	0.98599	0.06566	0.09162	-0.08034	0.99255	160.6744	-012.0097	924.9419	0.98853	-0.14492	-0.04254	0.13969	0.98437	-0.10728	0.05742	0.10011	0.99332	210.5417	-005.9000	927.6716	0.98944	-0.13841	-0.04309	0.14219	0.98451	0.10254	0.02823	-0.10759	0.99379	112.3532	-019.4348	922.9092	0.98813	-0.14912	-0.03689	0.14249	0.97948	-0.14252	0.05739	0.13557	0.98910	
24	-191.9767	-046.5155	908.7281	-0.00298	0.99936	-0.03556	-0.99989	-0.00348	-0.01417	-0.01428	0.03551	0.99927	-138.9145	-054.2894	910.6790	0.99532	-0.09587	-0.01173	0.09615	0.99502	0.02628	0.00916	-0.02729	0.99959	-088.4174	-048.5359	912.3260	0.99020	-0.12859	0.05448	0.13348	0.98617	-0.09829	-0.04109	0.10460	0.99367	-038.8706	-041.5079	915.3538	0.98926	-0.12926	-0.06817	0.13028	0.99142	0.01061	0.06621	-0.01938	0.99762	012.1443	-033.8395	917.4764	0.98609	-0.15684	-0.05505	0.15621	0.98760	-0.01560	0.05682	0.00678	0.99836	061.1967	-027.3714	920.4498	0.98566	-0.14956	-0.07820	0.14804	0.98867	-0.02488	0.08103	0.01295	0.99663	160.6735	-012.0087	924.9262	0.98841	-0.14545	-0.04348	0.13918	0.98258	-0.12312	0.06063	0.11564	0.99144	210.5462	-005.8913	927.7407	0.98947	-0.13741	-0.04549	0.14249	0.97994	0.13937	0.02542	-0.14438	0.98920	112.3532	-019.4348	922.9092	0.98806	-0.14928	-0.03815	0.14247	0.97946	-0.14270	0.05867	0.13556	0.98903	
25	-191.9774	-046.5175	908.7246	-0.00304	0.99931	-0.03713	-0.99993	-0.00347	-0.01150	-0.01162	0.03709	0.99924	-138.9139	-054.2893	910.6809	0.99525	-0.09633	-0.01371	0.09655	0.99519	0.01668	0.01204	-0.01792	0.99977	-088.4087	-048.5359	912.3260	0.99020	-0.12859	0.05448	0.13348	0.98617	-0.09829	-0.04109	0.10460	0.99367	-038.8695	-041.5075	915.3416	0.98904	-0.12824	-0.07319	0.12967	0.99144	0.01502	0.07064	-0.02434	0.99720	012.1443	-033.8395	917.4764	0.98609	-0.15684	-0.05505	0.15621	0.98760	-0.01560	0.05682	0.00678	0.99836	061.1977	-027.3709	920.4644	0.98597	-0.14957	-0.07412	0.14782	0.98860	-0.02853	0.07755	0.01717	0.99684	160.6690	-012.0090	924.9228	0.98812	-0.14612	-0.04771	0.13930	0.98246	-0.12397	0.06499	0.11585	0.99114	210.5715	-005.9277	927.8040	0.99000	-0.14102	-0.00331	0.14067	0.98874	-0.05102	0.01047	0.05004	0.99869	0 	 0	0	0 	 0	0	0 	 0	0	0 	 0	0	
26	-191.9776	-046.5192	908.7110	-0.00313	0.99922	-0.03946	-0.99990	-0.00366	-0.01343	-0.01356	0.03942	0.99913	-138.9139	-054.2896	910.6825	0.99526	-0.09593	-0.01584	0.09614	0.99528	0.01344	0.01448	-0.01490	0.99978	-088.4355	-048.5735	912.8424	0.99074	-0.11558	-0.07126	0.12022	0.99064	0.06464	0.06313	-0.07261	0.99536	-038.8685	-041.5094	915.3248	0.98883	-0.12912	-0.07440	0.13009	0.99147	0.00829	0.07269	-0.01788	0.99719	012.1443	-033.8395	917.4764	0.98609	-0.15684	-0.05505	0.15621	0.98760	-0.01560	0.05682	0.00678	0.99836	061.1965	-027.3681	921.2556	0.97741	-0.14397	-0.15472	0.15514	0.98590	0.06266	0.14352	-0.08525	0.98597	160.6900	-012.0189	925.5569	0.98431	-0.15116	-0.09104	0.14136	0.98428	-0.10584	0.10561	0.09131	0.99021	210.5715	-005.9277	927.8040	0.99000	-0.14102	-0.00331	0.14067	0.98874	-0.05102	0.01047	0.05004	0.99869	112.3537	-019.4371	922.8849	0.98797	-0.14865	-0.04274	0.14289	0.98296	-0.11562	0.05920	0.10812	0.99237	
27	-191.9743	-046.5191	908.7028	-0.00293	0.99941	-0.03410	-0.99990	-0.00339	-0.01346	-0.01357	0.03406	0.99933	-138.9141	-054.2893	910.6860	0.99519	-0.09585	-0.02042	0.09605	0.99534	0.00911	0.01945	-0.01102	0.99975	-088.4355	-048.5735	912.8424	0.99074	-0.11558	-0.07126	0.12022	0.99064	0.06464	0.06313	-0.07261	0.99536	-038.8682	-041.5089	915.3202	0.98883	-0.12955	-0.07369	0.13007	0.99150	0.00228	0.07277	-0.01184	0.99728	012.1443	-033.8395	917.4764	0.98609	-0.15684	-0.05505	0.15621	0.98760	-0.01560	0.05682	0.00678	0.99836	061.1965	-027.3681	921.0423	0.97767	-0.14324	-0.15375	0.15436	0.98601	0.06295	0.14258	-0.08527	0.98610	160.5888	-012.0243	924.7010	0.98987	-0.14182	-0.00670	0.14135	0.98884	-0.04715	0.01332	0.04572	0.99887	210.5879	-005.9431	927.6882	0.98918	-0.13951	-0.04548	0.13887	0.99016	-0.01712	0.04742	0.01062	0.99882	112.3537	-019.4371	922.8849	0.98797	-0.14865	-0.04274	0.14289	0.98296	-0.11562	0.05920	0.10812	0.99237	
28	-191.9751	-046.5193	908.7192	-0.00277	0.99940	-0.03455	-0.99987	-0.00331	-0.01560	-0.01570	0.03450	0.99928	-138.9154	-054.2891	910.6689	0.99529	-0.09650	-0.00919	0.09655	0.99531	0.00534	0.00863	-0.00621	0.99994	-088.4420	-048.5741	912.9365	0.98915	-0.11059	-0.09668	0.12026	0.98763	0.10065	0.08436	-0.11119	0.99021	-038.8689	-041.5096	915.2960	0.98918	-0.12941	-0.06909	0.12982	0.99154	0.00156	0.06831	-0.01051	0.99761	012.1443	-033.8395	917.4764	0.98609	-0.15684	-0.05505	0.15621	0.98760	-0.01560	0.05682	0.00678	0.99836	061.1848	-027.3631	919.8448	0.98826	-0.14707	-0.04131	0.14585	0.98882	-0.03104	0.04541	0.02466	0.99866	160.6555	-011.9760	924.3980	0.98910	-0.14309	-0.03472	0.13578	0.97762	-0.16070	0.05694	0.15424	0.98639	210.5879	-005.9431	927.6425	0.98919	-0.13952	-0.04515	0.13887	0.99016	-0.01708	0.04709	0.01062	0.99883	112.3537	-019.4371	922.8849	0.98797	-0.14865	-0.04274	0.14289	0.98296	-0.11562	0.05920	0.10812	0.99237	
29	-191.9800	-046.5188	908.7521	-0.00329	0.99948	-0.03205	-0.99993	-0.00365	-0.01116	-0.01127	0.03201	0.99942	-138.9154	-054.2891	910.6689	0.99530	-0.09643	-0.00933	0.09648	0.99532	0.00533	0.00877	-0.00620	0.99994	-088.4559	-048.9733	910.9744	0.96598	-0.16362	-0.20027	0.15146	0.98564	-0.07468	0.20961	0.04181	0.97689	-038.8681	-041.5065	915.2541	0.98954	-0.12938	-0.06374	0.13001	0.99150	0.00575	0.06246	-0.01397	0.99795	012.1443	-033.8395	917.4764	0.98609	-0.15684	-0.05505	0.15621	0.98760	-0.01560	0.05682	0.00678	0.99836	061.1955	-027.3681	920.4082	0.98225	-0.14622	-0.11749	0.14696	0.98914	-0.00243	0.11657	-0.01488	0.99307	160.6581	-011.9869	924.5450	0.98773	-0.14564	-0.05641	0.13648	0.98046	-0.14165	0.07594	0.13222	0.98831	210.5927	-005.9465	927.5925	0.98865	-0.13878	-0.05749	0.13840	0.99032	-0.01059	0.05840	0.00251	0.99829	112.3537	-019.4371	922.8849	0.98797	-0.14865	-0.04274	0.14289	0.98296	-0.11562	0.05920	0.10812	0.99237	
30	-191.9787	-046.5189	908.7364	-0.00364	0.99950	-0.03139	-0.99994	-0.00396	-0.01011	-0.01023	0.03135	0.99946	-138.9161	-054.2888	910.6645	0.99536	-0.09591	-0.00805	0.09601	0.99530	0.01283	0.00679	-0.01355	0.99989	-088.4324	-049.0469	910.3763	0.95130	-0.18077	-0.24969	0.15764	0.98136	-0.10988	0.26489	0.06517	0.96207	-038.8675	-041.5069	915.2736	0.98901	-0.12950	-0.07139	0.12989	0.99153	0.00080	0.07068	-0.01007	0.99745	0 	 0	0	0 	 0	0	0 	 0	0	0 	 0	0	061.1941	-027.3665	920.5258	0.98362	-0.14467	-0.10751	0.14817	0.98864	0.02529	0.10263	-0.04081	0.99388	160.6525	-011.9923	924.6841	0.98838	-0.14487	-0.04612	0.14068	0.98649	-0.08397	0.05766	0.07650	0.99540	210.5934	-005.9523	927.4538	0.98890	-0.14007	-0.04956	0.13858	0.98982	-0.03235	0.05359	0.02512	0.99825	112.3537	-019.4371	922.8849	0.98797	-0.14865	-0.04274	0.14289	0.98296	-0.11562	0.05920	0.10812	0.99237	
31	-192.8181	-046.5563	909.9536	-0.00400	0.99956	-0.02929	-0.99985	-0.00448	-0.01663	-0.01676	0.02922	0.99943	-141.1144	-060.3310	912.5273	0.99843	0.05584	-0.00358	-0.05571	0.99801	0.02947	0.00522	-0.02923	0.99956	-092.0085	-066.8121	915.3649	0.98725	0.15748	-0.02321	-0.15696	0.98734	0.02297	0.02653	-0.01904	0.99947	-044.0605	-077.2975	919.1878	0.96235	0.24628	-0.11502	-0.25081	0.96767	-0.02652	0.10477	0.05437	0.99301	004.5141	-092.2751	922.5658	0.94682	0.30391	-0.10573	-0.30622	0.95194	-0.00602	0.09882	0.03808	0.99438	049.5956	-110.9097	926.2227	0.92127	0.37753	-0.09343	-0.37679	0.92593	0.02610	0.09636	0.01116	0.99528	140.1418	-152.7485	933.1127	0.89073	0.43916	-0.11719	-0.44802	0.89177	-0.06341	0.07666	0.10898	0.99108	0 	 0	0	0 	 0	0	0 	 0	0	0 	 0	0	096.3908	-131.6832	929.9525	0.90022	0.42600	-0.09014	-0.42615	0.90446	0.01853	0.08942	0.02174	0.99576	
32	-192.8173	-046.5560	909.9313	-0.00384	0.99941	-0.03414	-0.99986	-0.00440	-0.01639	-0.01653	0.03407	0.99928	-141.1159	-060.3310	912.5273	0.99843	0.05584	-0.00358	-0.05571	0.99801	0.02947	0.00522	-0.02923	0.99956	-092.0083	-066.8111	915.3681	0.98731	0.15737	-0.02142	-0.15687	0.98735	0.02307	0.02477	-0.01941	0.99950	-044.0612	-077.2991	919.1847	0.96217	0.24559	-0.11798	-0.25081	0.96752	-0.03148	0.10641	0.05987	0.99252	004.5141	-092.2751	922.5693	0.94682	0.30391	-0.10574	-0.30622	0.95194	-0.00602	0.09883	0.03808	0.99438	049.5953	-110.9099	926.2266	0.92118	0.37764	-0.09386	-0.37687	0.92589	0.02649	0.09690	0.01097	0.99523	140.1421	-152.7480	933.1229	0.89089	0.43939	-0.11509	-0.44794	0.89188	-0.06245	0.07521	0.10719	0.99139	0 	 0	0	0 	 0	0	0 	 0	0	0 	 0	0	096.3883	-131.6778	929.9047	0.89908	0.42605	-0.10067	-0.42700	0.90416	0.01302	0.09657	0.03128	0.99484	
33	-192.8176	-046.5550	909.9381	-0.00396	0.99960	-0.02786	-0.99987	-0.00439	-0.01543	-0.01555	0.02779	0.99949	-141.1153	-060.3310	912.5217	0.99836	0.05693	-0.00611	-0.05670	0.99785	0.03279	0.00796	-0.03239	0.99944	-092.0085	-066.8120	915.3857	0.98711	0.15812	-0.02480	-0.15744	0.98715	0.02723	0.02879	-0.02297	0.99932	-044.0609	-077.3006	919.1822	0.96135	0.24549	-0.12470	-0.25104	0.96749	-0.03072	0.11310	0.06084	0.99172	004.5120	-092.2744	922.5654	0.94744	0.30303	-0.10259	-0.30557	0.95212	-0.00966	0.09475	0.04050	0.99468	049.5950	-110.9102	926.2283	0.92109	0.37775	-0.09428	-0.37695	0.92584	0.02688	0.09744	0.01079	0.99518	140.1418	-152.7480	933.1267	0.89067	0.43851	-0.12011	-0.44816	0.89126	-0.06939	0.07662	0.11563	0.99033	0 	 0	0	0 	 0	0	0 	 0	0	0 	 0	0	096.3881	-131.6777	929.9087	0.89912	0.42379	-0.10944	-0.42666	0.90441	-0.00304	0.09768	0.04943	0.99399	
34	-192.8179	-046.5554	909.9500	-0.00403	0.99956	-0.02950	-0.99983	-0.00456	-0.01766	-0.01779	0.02942	0.99941	-141.1153	-060.3311	912.5417	0.99839	0.05649	-0.00429	-0.05630	0.99774	0.03674	0.00636	-0.03644	0.99932	-092.0090	-066.8135	915.3849	0.98739	0.15723	-0.01818	-0.15693	0.98746	0.01704	0.02063	-0.01397	0.99969	-044.0628	-077.2703	918.5123	0.96985	0.24326	-0.01489	-0.24309	0.96117	-0.13060	-0.01745	0.13028	0.99132	004.5097	-092.2735	922.5616	0.94806	0.30213	-0.09945	-0.30488	0.95230	-0.01331	0.09069	0.04293	0.99495	049.5945	-110.9111	926.2429	0.92136	0.37752	-0.09264	-0.37678	0.92594	0.02594	0.09557	0.01101	0.99536	140.1469	-152.7483	933.1497	0.89070	0.43884	-0.11864	-0.44801	0.89164	-0.06535	0.07711	0.11136	0.99078	0 	 0	0	0 	 0	0	0 	 0	0	0 	 0	0	096.3869	-131.6785	929.9134	0.89882	0.42381	-0.11184	-0.42707	0.90420	-0.00579	0.09867	0.05296	0.99371	
35	-192.8190	-046.5547	909.9568	-0.00393	0.99948	-0.03194	-0.99981	-0.00454	-0.01920	-0.01933	0.03186	0.99931	-141.1152	-060.3311	912.5336	0.99839	0.05649	-0.00429	-0.05630	0.99774	0.03674	0.00636	-0.03644	0.99932	-092.0096	-066.8132	915.3839	0.98746	0.15664	-0.01985	-0.15655	0.98765	0.00578	0.02051	-0.00260	0.99979	-044.0639	-077.2708	918.8154	0.96561	0.25061	-0.06925	-0.25194	0.96768	-0.01097	0.06426	0.02804	0.99754	004.5072	-092.2725	922.5579	0.94867	0.30124	-0.09631	-0.30417	0.95247	-0.01695	0.08663	0.04538	0.99521	049.5945	-110.9117	926.2429	0.92133	0.37756	-0.09268	-0.37683	0.92592	0.02596	0.09562	0.01101	0.99536	140.1481	-152.7482	933.1610	0.89080	0.43894	-0.11755	-0.44780	0.89191	-0.06304	0.07717	0.10879	0.99106	0 	 0	0	0 	 0	0	0 	 0	0	0 	 0	0	096.3878	-131.6791	929.9254	0.89909	0.42479	-0.10583	-0.42672	0.90437	0.00479	0.09775	0.04085	0.99437	
36	-192.8144	-046.5544	909.9467	-0.00338	0.99932	-0.03674	-0.99973	-0.00423	-0.02303	-0.02317	0.03666	0.99906	-141.1153	-060.3310	912.5419	0.99843	0.05593	-0.00256	-0.05579	0.99773	0.03783	0.00467	-0.03763	0.99928	-092.0090	-066.8124	915.3842	0.98726	0.15724	-0.02446	-0.15681	0.98745	0.01877	0.02710	-0.01470	0.99952	-044.0629	-077.2694	918.8184	0.96697	0.24966	-0.05136	-0.25046	0.96808	-0.00961	0.04732	0.02216	0.99863	004.5023	-092.2696	922.5534	0.94825	0.30090	-0.10137	-0.30472	0.95213	-0.02428	0.08922	0.05392	0.99455	049.5944	-110.9115	926.2408	0.92140	0.37750	-0.09229	-0.37679	0.92594	0.02565	0.09514	0.01114	0.99540	140.1468	-152.7475	933.1608	0.89099	0.43956	-0.11366	-0.44766	0.89229	-0.05850	0.07570	0.10300	0.99180	0 	 0	0	0 	 0	0	0 	 0	0	0 	 0	0	096.3875	-131.6791	929.9254	0.89908	0.42470	-0.10623	-0.42676	0.90436	0.00358	0.09759	0.04211	0.99434	
37	-192.8117	-046.5506	909.9388	-0.00459	0.99951	-0.03087	-0.99988	-0.00503	-0.01437	-0.01452	0.03080	0.99942	-141.1144	-060.3305	912.5241	0.99844	0.05568	-0.00310	-0.05555	0.99787	0.03422	0.00499	-0.03399	0.99941	-092.0090	-066.8124	915.3934	0.98728	0.15770	-0.02035	-0.15703	0.98710	0.03121	0.02501	-0.02762	0.99931	-044.0641	-077.2869	918.9617	0.96264	0.24701	-0.11094	-0.25203	0.96713	-0.03364	0.09898	0.06034	0.99326	004.5023	-092.2696	922.5534	0.94825	0.30090	-0.10137	-0.30472	0.95213	-0.02428	0.08922	0.05392	0.99455	049.5944	-110.9114	926.2386	0.92146	0.37744	-0.09190	-0.37676	0.92596	0.02534	0.09466	0.01128	0.99545	140.1458	-152.7464	933.1517	0.89130	0.43983	-0.11014	-0.44751	0.89242	-0.05767	0.07293	0.10069	0.99224	0 	 0	0	0 	 0	0	0 	 0	0	0 	 0	0	096.3872	-131.6796	929.9193	0.89878	0.42439	-0.10993	-0.42748	0.90401	-0.00506	0.09723	0.05154	0.99393	
38	-192.8107	-046.5498	909.9529	-0.00414	0.99958	-0.02859	-0.99987	-0.00458	-0.01559	-0.01571	0.02852	0.99947	-141.1143	-060.3329	912.5174	0.99841	0.05600	-0.00653	-0.05577	0.99795	0.03130	0.00827	-0.03089	0.99949	-092.0091	-066.8110	915.3765	0.98759	0.15604	-0.01806	-0.15574	0.98765	0.01697	0.02048	-0.01394	0.99969	-044.0635	-077.2924	919.0462	0.96135	0.24650	-0.12268	-0.25256	0.96690	-0.03633	0.10967	0.06591	0.99178	004.5009	-092.2684	922.5524	0.94766	0.30183	-0.10414	-0.30557	0.95192	-0.02174	0.09257	0.05242	0.99433	049.5944	-110.9113	926.2364	0.92151	0.37742	-0.09151	-0.37676	0.92597	0.02503	0.09418	0.01142	0.99549	140.1450	-152.7463	933.1407	0.89152	0.44011	-0.10725	-0.44743	0.89251	-0.05679	0.07073	0.09862	0.99261	0 	 0	0	0 	 0	0	0 	 0	0	0 	 0	0	096.3883	-131.6800	929.9260	0.89865	0.42354	-0.11422	-0.42744	0.90398	-0.01092	0.09863	0.05864	0.99339	
39	-192.8111	-046.5476	909.9631	-0.00394	0.99957	-0.02895	-0.99982	-0.00448	-0.01860	-0.01872	0.02887	0.99941	-141.1143	-060.3314	912.5174	0.99841	0.05600	-0.00653	-0.05577	0.99795	0.03130	0.00827	-0.03089	0.99949	-092.0091	-066.8110	915.3765	0.98759	0.15604	-0.01808	-0.15574	0.98765	0.01697	0.02050	-0.01394	0.99969	-044.0636	-077.2960	919.0869	0.96182	0.24637	-0.11917	-0.25193	0.96715	-0.03385	0.10692	0.06258	0.99230	004.5009	-092.2684	922.5524	0.94766	0.30183	-0.10414	-0.30557	0.95192	-0.02174	0.09257	0.05242	0.99433	049.5944	-110.9112	926.2342	0.92157	0.37736	-0.09112	-0.37673	0.92599	0.02471	0.09370	0.01155	0.99553	140.1457	-152.7504	933.1572	0.89143	0.43993	-0.10867	-0.44743	0.89249	-0.05725	0.07180	0.09965	0.99243	0 	 0	0	0 	 0	0	0 	 0	0	0 	 0	0	096.3883	-131.6800	929.9322	0.89876	0.42329	-0.11421	-0.42720	0.90409	-0.01096	0.09862	0.05864	0.99340	
40	-192.7536	-046.5369	909.3492	-0.00680	0.99974	-0.02155	-0.99978	-0.00638	0.01981	0.01966	0.02168	0.99957	-141.1149	-060.3322	912.5202	0.99839	0.05621	-0.00804	-0.05594	0.99796	0.03073	0.00975	-0.03023	0.99950	-092.0085	-066.8109	915.3654	0.98761	0.15606	-0.01646	-0.15572	0.98759	0.02042	0.01945	-0.01760	0.99966	-044.0641	-077.2916	919.0463	0.96347	0.24581	-0.10628	-0.25114	0.96713	-0.03990	0.09298	0.06513	0.99354	004.5014	-092.2687	922.5538	0.94756	0.30221	-0.10391	-0.30571	0.95193	-0.01921	0.09310	0.04997	0.99440	049.5941	-110.9119	926.2329	0.92152	0.37688	-0.09358	-0.37654	0.92614	0.02184	0.09490	0.01511	0.99537	140.1463	-152.7513	933.1533	0.89165	0.44022	-0.10563	-0.44727	0.89270	-0.05508	0.07005	0.09635	0.99288	0 	 0	0	0 	 0	0	0 	 0	0	0 	 0	0	096.3875	-131.6803	929.9307	0.89882	0.42305	-0.11469	-0.42696	0.90421	-0.01082	0.09913	0.05869	0.99334	
