"#"	"COOLCARD X"	"COOLCARD Y"	"COOLCARD Z"	"COOLCARD R11"	"COOLCARD R12"	"COOLCARD R13"	"COOLCARD R21"	"COOLCARD R22"	"COOLCARD R23"	"COOLCARD R31"	"COOLCARD R32"	"COOLCARD R33"	"Reference X"	"Reference Y"	"Reference Z"	"Reference R11"	"Reference R12"	"Reference R13"	"Reference R21"	"Reference R22"	"Reference R23"	"Reference R31"	"Reference R32"	"Reference R33"	"TR_1 X"	"TR_1 Y"	"TR_1 Z"	"TR_1 R11"	"TR_1 R12"	"TR_1 R13"	"TR_1 R21"	"TR_1 R22"	"TR_1 R23"	"TR_1 R31"	"TR_1 R32"	"TR_1 R33"	"TR_2 X"	"TR_2 Y"	"TR_2 Z"	"TR_2 R11"	"TR_2 R12"	"TR_2 R13"	"TR_2 R21"	"TR_2 R22"	"TR_2 R23"	"TR_2 R31"	"TR_2 R32"	"TR_2 R33"	"TR_3 X"	"TR_3 Y"	"TR_3 Z"	"TR_3 R11"	"TR_3 R12"	"TR_3 R13"	"TR_3 R21"	"TR_3 R22"	"TR_3 R23"	"TR_3 R31"	"TR_3 R32"	"TR_3 R33"	"TR_4 X"	"TR_4 Y"	"TR_4 Z"	"TR_4 R11"	"TR_4 R12"	"TR_4 R13"	"TR_4 R21"	"TR_4 R22"	"TR_4 R23"	"TR_4 R31"	"TR_4 R32"	"TR_4 R33"	"TR_5 X"	"TR_5 Y"	"TR_5 Z"	"TR_5 R11"	"TR_5 R12"	"TR_5 R13"	"TR_5 R21"	"TR_5 R22"	"TR_5 R23"	"TR_5 R31"	"TR_5 R32"	"TR_5 R33"	"TR_6 X"	"TR_6 Y"	"TR_6 Z"	"TR_6 R11"	"TR_6 R12"	"TR_6 R13"	"TR_6 R21"	"TR_6 R22"	"TR_6 R23"	"TR_6 R31"	"TR_6 R32"	"TR_6 R33"	"TR_7 X"	"TR_7 Y"	"TR_7 Z"	"TR_7 R11"	"TR_7 R12"	"TR_7 R13"	"TR_7 R21"	"TR_7 R22"	"TR_7 R23"	"TR_7 R31"	"TR_7 R32"	"TR_7 R33"	"TR_8 X"	"TR_8 Y"	"TR_8 Z"	"TR_8 R11"	"TR_8 R12"	"TR_8 R13"	"TR_8 R21"	"TR_8 R22"	"TR_8 R23"	"TR_8 R31"	"TR_8 R32"	"TR_8 R33"	
1	-203.3747	007.3316	887.0409	0.93585	-0.06009	-0.34723	0.12346	0.97881	0.16336	0.33005	-0.19575	0.92344	-246.1806	-037.7250	906.7210	-0.00334	0.99910	-0.04222	-0.99957	-0.00458	-0.02913	-0.02930	0.04210	0.99868	-192.9265	-044.4882	908.9413	0.99007	-0.12825	0.05755	0.12050	0.98514	0.12237	-0.07239	-0.11422	0.99082	-142.5231	-036.9151	910.7377	0.98678	-0.16039	-0.02318	0.16166	0.98425	0.07158	0.01134	-0.07438	0.99717	-093.1848	-027.3464	913.0287	0.98155	-0.18772	-0.03626	0.18682	0.98203	-0.02681	0.04064	0.01954	0.99898	-042.6305	-016.6438	915.7002	0.97641	-0.21051	-0.04794	0.21174	0.97708	0.02208	0.04219	-0.03171	0.99861	005.9655	-007.6419	918.3712	0.97792	-0.20102	-0.05709	0.20233	0.97915	0.01808	0.05227	-0.02923	0.99821	056.5921	002.6881	920.9256	0.98022	-0.19281	-0.04467	0.18984	0.97977	-0.06329	0.05597	0.05356	0.99700	104.3609	011.6711	922.8924	0.98335	-0.17365	-0.05354	0.17056	0.98365	-0.05773	0.06269	0.04764	0.99690	154.0027	018.3085	925.3805	0.98750	-0.14574	-0.06001	0.14340	0.98879	-0.04159	0.06540	0.03246	0.99733	
2	-203.3729	007.3321	887.0324	0.93587	-0.06062	-0.34708	0.12343	0.97907	0.16183	0.33000	-0.19430	0.92377	-246.1806	-037.7250	906.7210	-0.00334	0.99910	-0.04222	-0.99957	-0.00458	-0.02913	-0.02930	0.04210	0.99868	-192.7983	-044.3463	907.6440	0.95739	-0.17279	-0.23141	0.06823	0.91391	-0.40015	0.28063	0.36731	0.88675	-142.5226	-036.9138	910.7264	0.98677	-0.16071	-0.02122	0.16181	0.98437	0.06956	0.00970	-0.07208	0.99735	-093.1848	-027.3464	913.0287	0.98156	-0.18763	-0.03649	0.18681	0.98208	-0.02486	0.04050	0.01758	0.99902	-042.6329	-016.6434	915.6518	0.97650	-0.21253	-0.03581	0.21224	0.97715	-0.01171	0.03748	0.00383	0.99929	005.9654	-007.6403	918.3870	0.97806	-0.20055	-0.05636	0.20226	0.97898	0.02640	0.04988	-0.03722	0.99806	056.5986	002.6878	920.9461	0.97986	-0.19381	-0.04803	0.19060	0.97956	-0.06432	0.05951	0.05387	0.99677	104.3618	011.6709	922.8809	0.98332	-0.17394	-0.05322	0.17065	0.98343	-0.06118	0.06298	0.05108	0.99671	154.0000	018.3091	925.3831	0.98738	-0.14578	-0.06182	0.14363	0.98891	-0.03783	0.06665	0.02847	0.99737	
3	-203.3710	007.3314	887.0204	0.93559	-0.06115	-0.34775	0.12348	0.97936	0.16000	0.33079	-0.19264	0.92383	-246.1814	-037.7251	906.7152	-0.00408	0.99928	-0.03781	-0.99969	-0.00500	-0.02419	-0.02436	0.03770	0.99899	-192.7983	-044.3463	908.0564	0.95739	-0.17275	-0.23144	0.06823	0.91398	-0.39999	0.28063	0.36716	0.88682	-142.5244	-036.9138	910.7440	0.98674	-0.16042	-0.02467	0.16171	0.98473	0.06452	0.01395	-0.06765	0.99761	-093.1840	-027.3467	913.0245	0.98183	-0.18722	-0.03098	0.18646	0.98212	-0.02594	0.03529	0.01969	0.99918	-042.6329	-016.6434	915.6518	0.97650	-0.21252	-0.03590	0.21225	0.97715	-0.01131	0.03748	0.00342	0.99929	005.9654	-007.6403	918.3870	0.97806	-0.20055	-0.05636	0.20226	0.97898	0.02640	0.04988	-0.03722	0.99806	056.5884	002.6845	920.8959	0.97999	-0.19266	-0.05004	0.18885	0.97935	-0.07222	0.06292	0.06132	0.99613	104.3624	011.6709	922.9094	0.98304	-0.17408	-0.05768	0.17091	0.98369	-0.05611	0.06651	0.04530	0.99676	154.0000	018.3080	925.3892	0.98738	-0.14578	-0.06182	0.14364	0.98891	-0.03783	0.06665	0.02847	0.99737	
4	-203.3729	007.3321	887.0320	0.93573	-0.06047	-0.34749	0.12350	0.97899	0.16222	0.33038	-0.19471	0.92354	-246.1804	-037.7264	906.7256	-0.00307	0.99928	-0.03783	-0.99954	-0.00421	-0.03004	-0.03018	0.03772	0.99883	-192.6622	-044.1203	907.7291	0.90860	-0.24544	-0.33793	-0.01958	0.78319	-0.62148	0.41720	0.57130	0.70680	-142.5244	-036.9138	910.7292	0.98674	-0.16043	-0.02459	0.16171	0.98473	0.06453	0.01386	-0.06765	0.99761	-093.1839	-027.3480	913.0243	0.98181	-0.18697	-0.03296	0.18657	0.98233	-0.01484	0.03516	0.00842	0.99935	-042.6328	-016.6412	915.6320	0.97661	-0.21332	-0.02694	0.21271	0.97682	-0.02386	0.03141	0.01757	0.99935	005.9652	-007.6394	918.3823	0.97809	-0.20065	-0.05549	0.20228	0.97900	0.02546	0.04922	-0.03612	0.99813	056.5829	002.6854	920.9121	0.98053	-0.19079	-0.04651	0.18853	0.98085	-0.04890	0.05495	0.03918	0.99772	104.3639	011.6717	922.8994	0.98302	-0.17456	-0.05660	0.17063	0.98297	-0.06824	0.06755	0.05743	0.99606	154.0000	018.3085	925.3799	0.98752	-0.14558	-0.06018	0.14345	0.98892	-0.03823	0.06508	0.02912	0.99746	
5	-203.3728	007.3318	887.0269	0.93569	-0.06086	-0.34753	0.12348	0.97921	0.16096	0.33051	-0.19352	0.92375	-246.1834	-037.7257	906.7292	-0.00421	0.99939	-0.03460	-0.99972	-0.00502	-0.02334	-0.02350	0.03449	0.99913	-192.8114	-044.3398	908.6786	0.99168	-0.12162	0.04222	0.11441	0.98293	0.14407	-0.05902	-0.13804	0.98867	-142.5242	-036.9140	910.7355	0.98671	-0.15991	-0.02867	0.16153	0.98456	0.06748	0.01744	-0.07122	0.99731	-093.1837	-027.3486	913.0217	0.98185	-0.18692	-0.03220	0.18627	0.98225	-0.02225	0.03578	0.01585	0.99923	-042.6336	-016.6380	915.6125	0.97668	-0.21397	-0.01783	0.21321	0.97631	-0.03699	0.02532	0.03232	0.99916	005.9642	-007.6375	918.3852	0.97786	-0.20019	-0.06094	0.20247	0.97870	0.03382	0.05287	-0.04541	0.99757	056.5766	002.6887	920.8846	0.98088	-0.18955	-0.04415	0.18701	0.98076	-0.05593	0.05391	0.04660	0.99746	104.3644	011.6737	922.8951	0.98311	-0.17392	-0.05699	0.17029	0.98335	-0.06337	0.06706	0.05259	0.99636	154.0005	018.3083	925.3935	0.98756	-0.14479	-0.06129	0.14328	0.98927	-0.02848	0.06476	0.01935	0.99771	
6	-203.3716	007.3316	887.0305	0.93575	-0.06140	-0.34728	0.12350	0.97943	0.15960	0.33034	-0.19223	0.92408	-246.1861	-037.7262	906.7377	-0.00375	0.99933	-0.03643	-0.99965	-0.00470	-0.02609	-0.02624	0.03632	0.99900	-192.8114	-044.3398	908.6786	0.99181	-0.12047	0.04241	0.11323	0.98304	0.14428	-0.05907	-0.13829	0.98863	-142.5255	-036.9147	910.7531	0.98660	-0.16041	-0.02986	0.16191	0.98514	0.05731	0.02023	-0.06138	0.99791	-093.1838	-027.3485	913.0311	0.98185	-0.18686	-0.03258	0.18634	0.98231	-0.01832	0.03543	0.01191	0.99930	-042.6577	-016.5844	915.0597	0.96463	-0.18894	0.18384	0.24802	0.88677	-0.39004	-0.08933	0.42183	0.90226	005.9635	-007.6363	918.4162	0.97799	-0.19988	-0.05994	0.20213	0.97876	0.03411	0.05185	-0.04548	0.99762	056.5725	002.6870	920.8904	0.98080	-0.19027	-0.04284	0.18718	0.98001	-0.06738	0.05480	0.05807	0.99681	104.3644	011.6745	922.8926	0.98314	-0.17381	-0.05676	0.17048	0.98359	-0.05905	0.06609	0.04837	0.99664	154.0005	018.3083	925.3935	0.98756	-0.14479	-0.06129	0.14328	0.98927	-0.02848	0.06476	0.01935	0.99771	
7	-203.3699	007.3319	887.0334	0.93594	-0.06112	-0.34680	0.12343	0.97928	0.16052	0.32981	-0.19304	0.92410	-246.1880	-037.7261	906.7374	-0.00346	0.99937	-0.03540	-0.99968	-0.00435	-0.02506	-0.02519	0.03530	0.99906	-192.9139	-044.4412	909.3051	0.98487	-0.11106	-0.13306	0.11749	0.99221	0.04151	0.12741	-0.05652	0.99024	-142.5263	-036.9169	910.7583	0.98673	-0.16140	-0.01753	0.16218	0.98495	0.05982	0.00761	-0.06187	0.99805	-093.1838	-027.3485	913.0272	0.98185	-0.18683	-0.03258	0.18631	0.98232	-0.01832	0.03543	0.01191	0.99930	-042.6707	-016.5538	914.9495	0.95706	-0.17508	0.23106	0.26326	0.85863	-0.43983	-0.12139	0.48177	0.86785	005.9630	-007.6361	918.4069	0.97793	-0.20019	-0.05985	0.20203	0.97902	0.02637	0.05332	-0.03788	0.99786	056.5689	002.6850	920.8525	0.98096	-0.18950	-0.04252	0.18760	0.98122	-0.04492	0.05024	0.03608	0.99809	104.3634	011.6756	922.8845	0.98312	-0.17379	-0.05724	0.17067	0.98377	-0.05543	0.06595	0.04473	0.99682	154.0006	018.3081	925.4037	0.98756	-0.14448	-0.06209	0.14323	0.98940	-0.02413	0.06491	0.01493	0.99778	
8	-203.3679	007.3319	887.0221	0.93597	-0.06087	-0.34678	0.12355	0.97910	0.16158	0.32970	-0.19408	0.92392	-246.1888	-037.7257	906.7298	-0.00376	0.99944	-0.03332	-0.99974	-0.00450	-0.02225	-0.02239	0.03323	0.99920	-192.9139	-044.4412	909.3051	0.98507	-0.11115	-0.13145	0.11752	0.99220	0.04170	0.12579	-0.05653	0.99044	-142.5264	-036.9188	910.7506	0.98677	-0.16063	-0.02191	0.16167	0.98504	0.05962	0.01200	-0.06238	0.99798	-093.1836	-027.3495	913.0535	0.98170	-0.18685	-0.03688	0.18635	0.98234	-0.01651	0.03932	0.00933	0.99918	-042.6439	-016.6070	915.5871	0.97719	-0.21093	-0.02444	0.21128	0.97734	0.01269	0.02121	-0.01756	0.99962	005.9638	-007.6358	918.3972	0.97814	-0.20022	-0.05617	0.20227	0.97876	0.03352	0.04827	-0.04415	0.99786	056.4994	002.5418	920.0906	0.98449	-0.17267	0.03115	0.17448	0.98213	-0.07054	-0.01842	0.07488	0.99702	104.3633	011.6755	922.8915	0.98320	-0.17389	-0.05545	0.17075	0.98366	-0.05704	0.06446	0.04661	0.99683	154.0007	018.3081	925.4139	0.98756	-0.14416	-0.06288	0.14318	0.98950	-0.01977	0.06507	0.01052	0.99783	
9	-203.3728	007.3312	887.0384	0.93522	-0.06117	-0.34874	0.12364	0.97938	0.15979	0.33177	-0.19256	0.92350	-246.1940	-037.7292	906.7840	-0.00374	0.99949	-0.03167	-0.99972	-0.00448	-0.02320	-0.02333	0.03158	0.99923	-192.9188	-044.4923	908.7504	0.99038	-0.12519	0.05892	0.11990	0.98905	0.08605	-0.06905	-0.07815	0.99455	-142.5268	-036.9199	910.7534	0.98671	-0.16074	-0.02368	0.16199	0.98454	0.06668	0.01259	-0.06963	0.99749	-093.1843	-027.3466	913.0441	0.98176	-0.18723	-0.03289	0.18635	0.98208	-0.02810	0.03756	0.02146	0.99906	-042.6439	-016.6070	915.5871	0.97710	-0.21139	-0.02444	0.21174	0.97724	0.01268	0.02121	-0.01756	0.99962	005.9639	-007.6360	918.3961	0.97801	-0.20022	-0.05835	0.20212	0.97894	0.02871	0.05137	-0.03987	0.99788	056.5148	003.2370	922.3842	0.97174	-0.17551	-0.15784	0.21340	0.93899	0.26973	0.10087	-0.29579	0.94991	104.3635	011.6760	922.9017	0.98332	-0.17384	-0.05345	0.17058	0.98348	-0.06061	0.06311	0.05048	0.99673	153.9987	018.3077	925.3918	0.98751	-0.14434	-0.06315	0.14351	0.98949	-0.01746	0.06500	0.00817	0.99785	
10	-203.3744	007.3318	887.0480	0.93582	-0.06040	-0.34726	0.12349	0.97895	0.16251	0.33014	-0.19496	0.92358	-246.1869	-037.7232	906.7500	-0.00454	0.99940	-0.03422	-0.99981	-0.00518	-0.01867	-0.01883	0.03413	0.99924	-192.9188	-044.4923	908.7504	0.99038	-0.12519	0.05892	0.11990	0.98905	0.08605	-0.06905	-0.07815	0.99455	-142.5263	-036.9190	910.7484	0.98674	-0.16073	-0.02248	0.16190	0.98456	0.06658	0.01144	-0.06934	0.99753	-093.1810	-027.3456	913.0446	0.98196	-0.18655	-0.03105	0.18627	0.98243	-0.01173	0.03269	0.00573	0.99945	-042.6439	-016.6070	915.5871	0.97707	-0.21137	-0.02569	0.21173	0.97725	0.01242	0.02247	-0.01758	0.99959	005.9643	-007.6356	918.3907	0.97800	-0.20096	-0.05597	0.20268	0.97887	0.02694	0.04937	-0.03769	0.99807	056.5439	002.9121	921.2671	0.98114	-0.19279	0.01386	0.19260	0.96914	-0.15389	0.01623	0.15365	0.98799	104.3637	011.6756	922.9106	0.98318	-0.17368	-0.05641	0.17079	0.98390	-0.05261	0.06464	0.04209	0.99702	153.9950	018.3066	925.3975	0.98707	-0.14464	-0.06904	0.14359	0.98944	-0.01995	0.07119	0.00978	0.99741	
11	-203.3226	007.3485	886.9094	0.93590	-0.05991	-0.34713	0.12386	0.97847	0.16507	0.32976	-0.19749	0.92318	-246.1472	-037.7211	906.6060	-0.00408	0.99951	-0.03094	-0.99932	-0.00521	-0.03645	-0.03660	0.03077	0.99886	-192.9679	-044.7564	908.7107	0.99372	-0.11004	-0.02042	0.11083	0.99292	0.04279	0.01557	-0.04478	0.99888	-142.5149	-037.5934	910.6765	0.98826	-0.15267	-0.00500	0.15274	0.98803	0.02167	0.00163	-0.02218	0.99975	-093.0946	-028.3699	913.1923	0.98191	-0.18191	-0.05261	0.17971	0.98273	-0.04406	0.05971	0.03381	0.99764	-042.5427	-019.7437	911.1532	0.94728	-0.18113	-0.26428	0.29484	0.81562	0.49782	0.12539	-0.54950	0.82603	006.1640	-008.5874	918.5505	0.97553	-0.20414	-0.08164	0.20640	0.97826	0.02027	0.07573	-0.03663	0.99646	056.7108	002.1142	921.0266	0.97865	-0.19447	-0.06645	0.19323	0.98084	-0.02472	0.06999	0.01135	0.99748	104.4581	011.4056	923.0192	0.98205	-0.18198	-0.04953	0.17743	0.98049	-0.08459	0.06396	0.07428	0.99518	154.0351	018.2590	925.4603	0.98636	-0.15192	-0.06339	0.14625	0.98549	-0.08615	0.07556	0.07570	0.99426	
12	-203.3223	007.3449	886.8990	0.93588	-0.06036	-0.34711	0.12374	0.97876	0.16343	0.32988	-0.19590	0.92347	-246.1439	-037.7163	906.5543	-0.00462	0.99950	-0.03120	-0.99946	-0.00563	-0.03238	-0.03254	0.03104	0.99899	-192.9702	-044.7586	908.7178	0.99356	-0.10990	-0.02760	0.11088	0.99315	0.03674	0.02337	-0.03956	0.99894	-142.5142	-037.5938	910.6623	0.98835	-0.15204	-0.00652	0.15216	0.98798	0.02716	0.00231	-0.02783	0.99961	-093.0961	-028.3701	913.1959	0.98171	-0.18238	-0.05456	0.17970	0.98242	-0.05064	0.06283	0.03991	0.99723	-042.4996	-020.2627	910.6917	0.94282	-0.16405	-0.29014	0.30884	0.75738	0.57533	0.12536	-0.63203	0.76473	006.1636	-008.5875	918.5269	0.97562	-0.20429	-0.08026	0.20622	0.97836	0.01657	0.07514	-0.03271	0.99664	056.7113	002.1145	921.0113	0.97893	-0.19447	-0.06230	0.19367	0.98089	-0.01877	0.06476	0.00631	0.99788	104.4588	011.4052	923.0153	0.98185	-0.18242	-0.05191	0.17716	0.97983	-0.09246	0.06773	0.08158	0.99436	154.0349	018.2608	925.4666	0.98645	-0.15138	-0.06320	0.14636	0.98618	-0.07767	0.07408	0.06737	0.99497	
13	-203.3224	007.3443	886.9044	0.93610	-0.06052	-0.34650	0.12373	0.97879	0.16329	0.32926	-0.19573	0.92373	-246.1308	-037.7137	906.4943	-0.00501	0.99953	-0.03039	-0.99968	-0.00576	-0.02463	-0.02479	0.03025	0.99923	-192.9685	-044.7584	908.6963	0.99356	-0.11041	-0.02535	0.11116	0.99335	0.03002	0.02187	-0.03265	0.99923	-142.5136	-037.5944	910.6697	0.98816	-0.15284	-0.01344	0.15312	0.98793	0.02341	0.00970	-0.02519	0.99964	-093.0961	-028.3701	913.1869	0.98171	-0.18238	-0.05457	0.17970	0.98242	-0.05064	0.06284	0.03991	0.99723	0 	 0	0	0 	 0	0	0 	 0	0	0 	 0	0	006.1634	-008.5878	918.5156	0.97555	-0.20479	-0.07981	0.20653	0.97834	0.01412	0.07519	-0.03026	0.99671	056.7123	002.1132	921.0157	0.97891	-0.19438	-0.06291	0.19431	0.98091	-0.00731	0.06313	-0.00507	0.99799	104.4585	011.4055	923.0126	0.98181	-0.18224	-0.05333	0.17742	0.98051	-0.08442	0.06768	0.07342	0.99500	154.0351	018.2605	925.4585	0.98681	-0.15073	-0.05908	0.14638	0.98660	-0.07207	0.06915	0.06247	0.99565	
14	-203.3197	007.3445	886.9038	0.93619	-0.06129	-0.34611	0.12391	0.97902	0.16178	0.32894	-0.19434	0.92414	-246.1308	-037.7137	906.4943	-0.00501	0.99953	-0.03039	-0.99968	-0.00576	-0.02467	-0.02484	0.03025	0.99923	-192.9716	-044.7576	908.7010	0.99377	-0.11086	-0.01108	0.11124	0.99287	0.04275	0.00626	-0.04372	0.99902	-142.5136	-037.5949	910.6555	0.98811	-0.15301	-0.01477	0.15318	0.98813	0.01138	0.01285	-0.01350	0.99983	-093.0968	-028.3700	913.1794	0.98187	-0.18212	-0.05267	0.17987	0.98267	-0.04470	0.05989	0.03442	0.99761	-042.4779	-017.9740	915.1987	0.97545	-0.20983	-0.06687	0.20941	0.97774	-0.01342	0.06820	-0.00091	0.99767	006.1634	-008.5877	918.5156	0.97555	-0.20479	-0.07981	0.20653	0.97834	0.01412	0.07519	-0.03026	0.99671	056.7113	002.1134	921.0343	0.97845	-0.19452	-0.06922	0.19401	0.98090	-0.01403	0.07062	0.00030	0.99750	104.4584	011.4067	923.0205	0.98172	-0.18241	-0.05437	0.17730	0.98027	-0.08740	0.06925	0.07617	0.99469	154.0295	018.2626	925.4432	0.98656	-0.15177	-0.06055	0.14645	0.98562	-0.08434	0.07248	0.07434	0.99460	
15	-203.3236	007.3446	886.9208	0.93610	-0.06092	-0.34643	0.12378	0.97894	0.16234	0.32924	-0.19485	0.92392	-246.1239	-037.7131	906.4898	-0.00500	0.99950	-0.03124	-0.99963	-0.00583	-0.02664	-0.02681	0.03109	0.99916	-192.9747	-044.7613	908.7232	0.99390	-0.10940	-0.01405	0.10997	0.99269	0.04965	0.00852	-0.05089	0.99867	-142.5134	-037.5942	910.6510	0.98829	-0.15221	-0.01030	0.15248	0.98769	0.03479	0.00488	-0.03595	0.99934	-093.0981	-028.3705	913.1669	0.98154	-0.18315	-0.05515	0.17952	0.98161	-0.06490	0.06603	0.05380	0.99637	-042.4779	-017.9740	915.1987	0.97545	-0.20604	-0.07778	0.20941	0.97710	0.03787	0.06820	-0.05323	0.99625	006.1634	-008.5878	918.5179	0.97549	-0.20493	-0.08014	0.20668	0.97831	0.01405	0.07552	-0.03026	0.99668	056.6759	001.9092	920.2941	0.98180	-0.18882	-0.02033	0.18332	0.97024	-0.15822	0.04960	0.15162	0.98719	104.4589	011.4066	922.9983	0.98210	-0.18176	-0.04943	0.17752	0.98088	-0.07980	0.06298	0.06959	0.99559	154.0340	018.2613	925.4828	0.98661	-0.15116	-0.06130	0.14596	0.98589	-0.08193	0.07282	0.07188	0.99475	
16	-203.3243	007.3454	886.9161	0.93588	-0.06080	-0.34703	0.12391	0.97887	0.16268	0.32980	-0.19525	0.92364	-246.2592	-037.7314	907.4052	-0.00191	0.99932	-0.03670	-0.99925	-0.00333	-0.03865	-0.03874	0.03660	0.99858	-192.9750	-044.7633	908.7150	0.99378	-0.11017	-0.01653	0.11074	0.99310	0.03862	0.01216	-0.04021	0.99912	-142.5125	-037.5951	910.6569	0.98818	-0.15237	-0.01683	0.15280	0.98784	0.02863	0.01226	-0.03086	0.99945	-093.0980	-028.3719	913.1705	0.98175	-0.18275	-0.05253	0.17967	0.98199	-0.05840	0.06225	0.04789	0.99691	-042.4779	-017.9740	915.1987	0.97545	-0.20945	-0.06805	0.20941	0.97780	-0.00792	0.06820	-0.00653	0.99765	006.1633	-008.5879	918.5202	0.97543	-0.20511	-0.08046	0.20686	0.97827	0.01396	0.07585	-0.03027	0.99666	056.4977	001.8218	918.6855	0.98292	-0.17667	0.05155	0.18400	0.93772	-0.29467	0.00372	0.29912	0.95421	104.4579	011.4052	923.0157	0.98208	-0.18172	-0.04996	0.17749	0.98094	-0.07912	0.06339	0.06884	0.99561	154.0367	018.2613	925.4904	0.98653	-0.15184	-0.06079	0.14583	0.98488	-0.09350	0.07407	0.08337	0.99376	
17	-203.3272	007.3464	886.9340	0.93585	-0.05992	-0.34726	0.12383	0.97851	0.16488	0.32992	-0.19730	0.92316	-246.2164	-037.7357	906.9721	0.00093	0.99931	-0.03704	-0.99777	-0.00155	-0.06672	-0.06673	0.03702	0.99708	-192.9728	-044.7641	908.6952	0.99361	-0.11045	-0.02342	0.11119	0.99324	0.03341	0.01957	-0.03580	0.99917	-142.5118	-037.5946	910.6547	0.98829	-0.15176	-0.01564	0.15230	0.98740	0.04284	0.00894	-0.04472	0.99896	-093.0974	-028.3728	913.1382	0.98221	-0.18220	-0.04535	0.17961	0.98215	-0.05585	0.05471	0.04672	0.99741	-042.4779	-017.9740	915.1987	0.97545	-0.20983	-0.06687	0.20941	0.97774	-0.01342	0.06820	-0.00091	0.99767	006.1629	-008.5878	918.5160	0.97543	-0.20499	-0.08068	0.20675	0.97829	0.01405	0.07605	-0.03039	0.99664	056.3101	001.8471	917.4534	0.98289	-0.14222	0.11705	0.17902	0.88712	-0.42541	-0.04333	0.43908	0.89740	104.4575	011.4043	923.0463	0.98194	-0.18181	-0.05240	0.17717	0.98070	-0.08265	0.06642	0.07188	0.99520	154.0369	018.2602	925.4925	0.98632	-0.15148	-0.06499	0.14590	0.98577	-0.08343	0.07670	0.07280	0.99439	
18	-203.3281	007.3466	886.9300	0.93585	-0.06043	-0.34717	0.12377	0.97879	0.16328	0.32994	-0.19577	0.92348	-246.0864	-037.7335	905.7769	-0.01054	0.99899	-0.04360	-0.99923	-0.00887	0.03820	0.03777	0.04397	0.99832	-192.9717	-044.7629	908.6911	0.99358	-0.11008	-0.02628	0.11085	0.99338	0.03014	0.02278	-0.03286	0.99920	-142.5118	-037.5946	910.6572	0.98829	-0.15142	-0.01884	0.15210	0.98746	0.04237	0.01219	-0.04474	0.99892	-093.0995	-028.3721	913.1786	0.98161	-0.18147	-0.05931	0.17893	0.98280	-0.04576	0.06659	0.03431	0.99719	-042.4759	-017.7959	915.6273	0.97650	-0.21137	-0.04207	0.21074	0.97736	-0.01877	0.04508	0.00946	0.99894	006.1630	-008.5868	918.5164	0.97551	-0.20459	-0.08077	0.20640	0.97836	0.01463	0.07603	-0.03094	0.99663	056.7380	002.0938	920.6772	0.97916	-0.19694	-0.04959	0.19811	0.97998	0.01992	0.04468	-0.02933	0.99857	104.4564	011.4035	923.0320	0.98196	-0.18127	-0.05387	0.17704	0.98134	-0.07502	0.06646	0.06413	0.99573	154.0369	018.2602	925.4925	0.98632	-0.15150	-0.06496	0.14591	0.98576	-0.08360	0.07670	0.07298	0.99438	
19	-203.3292	007.3470	886.9363	0.93579	-0.05970	-0.34747	0.12376	0.97847	0.16519	0.33013	-0.19758	0.92303	-246.1626	-037.7437	907.2450	-0.00363	0.99956	-0.02955	-0.99783	-0.00556	-0.06557	-0.06571	0.02925	0.99741	-192.9699	-044.7653	908.6923	0.99353	-0.11065	-0.02562	0.11140	0.99332	0.03012	0.02212	-0.03278	0.99922	-142.5125	-037.5943	910.6607	0.98826	-0.15193	-0.01638	0.15250	0.98738	0.04266	0.00969	-0.04466	0.99896	-093.1030	-028.3722	913.1882	0.98199	-0.18196	-0.05094	0.17957	0.98257	-0.04812	0.05881	0.03811	0.99754	-042.4759	-017.7959	915.6273	0.97650	-0.21137	-0.04207	0.21074	0.97736	-0.01877	0.04508	0.00946	0.99894	006.1630	-008.5868	918.5164	0.97551	-0.20459	-0.08077	0.20640	0.97836	0.01463	0.07603	-0.03094	0.99663	056.7414	002.1222	920.5787	0.97973	-0.19909	-0.02225	0.19504	0.97333	-0.12079	0.04570	0.11400	0.99243	104.4559	011.4026	923.0207	0.98172	-0.18190	-0.05600	0.17680	0.98052	-0.08551	0.07047	0.07404	0.99476	154.0359	018.2601	925.4941	0.98623	-0.15117	-0.06710	0.14599	0.98634	-0.07630	0.07771	0.06546	0.99482	
20	-203.3296	007.3475	886.9301	0.93593	-0.05990	-0.34705	0.12370	0.97855	0.16472	0.32974	-0.19710	0.92327	-246.1946	-037.7322	906.9961	-0.00656	0.99911	-0.04168	-0.99998	-0.00649	0.00193	0.00166	0.04170	0.99913	-192.9682	-044.7643	908.6922	0.99351	-0.11088	-0.02548	0.11167	0.99323	0.03188	0.02177	-0.03451	0.99917	-142.5088	-037.5944	910.6470	0.98820	-0.15178	-0.02058	0.15236	0.98786	0.03037	0.01573	-0.03314	0.99933	-093.1047	-028.3729	913.2052	0.98159	-0.18278	-0.05540	0.17999	0.98230	-0.05180	0.06388	0.04088	0.99712	-042.4658	-017.7742	915.5620	0.97621	-0.21296	-0.04073	0.21223	0.97698	-0.02163	0.04440	0.01248	0.99894	006.1632	-008.5866	918.5186	0.97554	-0.20444	-0.08081	0.20628	0.97838	0.01508	0.07598	-0.03138	0.99662	056.7436	002.1058	920.6878	0.98075	-0.19376	-0.02435	0.19325	0.98091	-0.02176	0.02810	0.01664	0.99947	104.4559	011.4026	923.0215	0.98170	-0.18201	-0.05602	0.17692	0.98052	-0.08536	0.07046	0.07388	0.99477	154.0348	018.2601	925.4957	0.98613	-0.15082	-0.06922	0.14609	0.98686	-0.06901	0.07872	0.05794	0.99521	
21	-203.2838	007.3632	886.8301	0.93606	-0.05964	-0.34676	0.12395	0.97824	0.16636	0.32929	-0.19871	0.92308	-246.1072	-037.7161	906.4476	-0.00395	0.99946	-0.03252	-0.99979	-0.00461	-0.02013	-0.02027	0.03244	0.99927	-192.9963	-044.9377	908.5301	0.99419	-0.10681	0.01304	0.10560	0.99177	0.07238	-0.02067	-0.07058	0.99729	-142.5159	-038.2400	910.5088	0.98907	-0.14648	0.01663	0.14526	0.98759	0.05978	-0.02518	-0.05671	0.99807	-092.9964	-029.4009	912.9937	0.98441	-0.16934	-0.04748	0.17078	0.98491	0.02814	0.04200	-0.03581	0.99848	-042.2964	-018.9724	915.4035	0.97570	-0.21345	-0.04953	0.20526	0.96945	-0.13428	0.07668	0.12085	0.98970	006.3608	-009.7762	918.2793	0.97677	-0.20462	-0.06367	0.20761	0.97720	0.04454	0.05311	-0.05672	0.99698	056.9131	001.0717	920.6821	0.97921	-0.19615	-0.05179	0.19645	0.98051	0.00074	0.05064	-0.01090	0.99866	104.5963	010.6068	922.5051	0.98275	-0.18179	-0.03387	0.18029	0.98267	-0.04301	0.04110	0.03616	0.99850	154.1225	017.6633	925.2778	0.98459	-0.15473	-0.08156	0.14600	0.98381	-0.10390	0.09632	0.09039	0.99124	
22	-203.2818	007.3622	886.8138	0.93583	-0.06072	-0.34719	0.12405	0.97876	0.16320	0.32991	-0.19580	0.92349	-246.1093	-037.7167	906.4745	-0.00390	0.99956	-0.02933	-0.99976	-0.00453	-0.02143	-0.02156	0.02924	0.99934	-192.9971	-044.9439	908.5912	0.99444	-0.10520	0.00346	0.10470	0.99203	0.07011	-0.01080	-0.06936	0.99753	-142.5149	-038.2397	910.5032	0.98906	-0.14661	0.01605	0.14543	0.98758	0.05946	-0.02456	-0.05648	0.99810	-092.9957	-029.4023	912.9885	0.98426	-0.16926	-0.05077	0.17033	0.98523	0.01750	0.04705	-0.02587	0.99856	-042.2960	-018.9716	915.4126	0.97575	-0.21358	-0.04803	0.20545	0.96919	-0.13590	0.07557	0.12274	0.98956	006.3608	-009.7761	918.2766	0.97677	-0.20462	-0.06367	0.20761	0.97720	0.04454	0.05311	-0.05672	0.99698	056.8992	001.0673	920.6496	0.97864	-0.19632	-0.06107	0.19876	0.97936	0.03673	0.05260	-0.04808	0.99746	104.5984	010.6054	922.4913	0.98281	-0.18179	-0.03227	0.18046	0.98276	-0.04012	0.03900	0.03361	0.99867	154.1225	017.6525	925.2315	0.98459	-0.15473	-0.08156	0.14600	0.98381	-0.10390	0.09632	0.09039	0.99124	
23	-203.2782	007.3602	886.7982	0.93581	-0.06056	-0.34726	0.12399	0.97873	0.16344	0.32997	-0.19601	0.92342	-246.1123	-037.7173	906.5007	-0.00392	0.99966	-0.02592	-0.99979	-0.00444	-0.01991	-0.02002	0.02584	0.99947	-192.9971	-044.9467	908.5912	0.99444	-0.10528	0.00345	0.10478	0.99202	0.07011	-0.01080	-0.06936	0.99753	-142.5139	-038.2394	910.4977	0.98905	-0.14674	0.01546	0.14559	0.98758	0.05914	-0.02395	-0.05624	0.99813	-092.9951	-029.4034	912.9812	0.98436	-0.16911	-0.04938	0.17013	0.98527	0.01724	0.04574	-0.02537	0.99863	-042.2956	-018.9706	915.4217	0.97579	-0.21376	-0.04622	0.20563	0.96872	-0.13890	0.07446	0.12603	0.98923	006.3611	-009.7758	918.2738	0.97674	-0.20486	-0.06334	0.20779	0.97719	0.04386	0.05291	-0.05600	0.99703	057.0256	001.0205	921.4442	0.98345	-0.17977	0.02240	0.17863	0.94168	-0.28517	0.03018	0.28445	0.95822	104.5934	010.6053	922.4889	0.98264	-0.18249	-0.03347	0.18089	0.98244	-0.04573	0.04123	0.03888	0.99839	154.1302	017.6595	925.2947	0.98510	-0.15276	-0.07904	0.14589	0.98551	-0.08650	0.09111	0.07368	0.99311	
24	-203.2761	007.3600	886.8052	0.93594	-0.06073	-0.34687	0.12395	0.97879	0.16309	0.32961	-0.19564	0.92362	-246.1122	-037.7173	906.4999	-0.00392	0.99966	-0.02596	-0.99979	-0.00444	-0.02011	-0.02022	0.02588	0.99946	-192.9949	-044.9476	908.5954	0.99413	-0.10768	0.01077	0.10644	0.99089	0.08256	-0.01956	-0.08093	0.99653	-142.5128	-038.2390	910.4921	0.98904	-0.14687	0.01488	0.14576	0.98757	0.05881	-0.02333	-0.05600	0.99816	-092.9951	-029.4034	912.9812	0.98438	-0.16911	-0.04893	0.17013	0.98527	0.01739	0.04527	-0.02544	0.99865	-042.2950	-018.9700	915.4309	0.97584	-0.21387	-0.04475	0.20582	0.96847	-0.14038	0.07336	0.12778	0.98909	006.3610	-009.7761	918.2817	0.97667	-0.20455	-0.06545	0.20740	0.97743	0.04014	0.05576	-0.05278	0.99705	056.9606	001.0545	921.0271	0.97986	-0.19556	-0.04028	0.19580	0.98064	0.00214	0.03908	-0.00998	0.99919	104.5938	010.6048	922.4853	0.98277	-0.18219	-0.03105	0.18072	0.98251	-0.04497	0.03870	0.03858	0.99851	154.1373	017.6587	925.2289	0.98607	-0.15410	-0.06261	0.14762	0.98422	-0.09752	0.07665	0.08692	0.99326	
25	-203.2756	007.3602	886.8120	0.93606	-0.06037	-0.34662	0.12395	0.97859	0.16431	0.32928	-0.19676	0.92350	-246.1115	-037.7177	906.5252	-0.00392	0.99966	-0.02567	-0.99975	-0.00447	-0.02168	-0.02179	0.02558	0.99944	-193.0344	-044.9835	909.3515	0.97681	-0.09438	-0.19221	0.09054	0.99548	-0.02867	0.19404	0.01060	0.98094	-142.5117	-038.2387	910.4865	0.98903	-0.14699	0.01430	0.14593	0.98756	0.05849	-0.02272	-0.05576	0.99819	-092.9946	-029.4042	912.9765	0.98436	-0.16913	-0.04937	0.17000	0.98535	0.01383	0.04631	-0.02201	0.99868	-042.2944	-018.9694	915.4400	0.97587	-0.21395	-0.04351	0.20603	0.96837	-0.14079	0.07226	0.12843	0.98908	006.3619	-009.7761	918.2709	0.97678	-0.20478	-0.06291	0.20737	0.97753	0.03782	0.05375	-0.04999	0.99730	056.9565	001.0661	920.9197	0.97889	-0.19648	-0.05624	0.19614	0.98051	-0.01153	0.05741	0.00026	0.99835	104.5936	010.6036	922.4783	0.98266	-0.18259	-0.03212	0.18077	0.98212	-0.05255	0.04114	0.04584	0.99810	154.1376	017.6619	925.2289	0.98607	-0.15410	-0.06261	0.14762	0.98422	-0.09752	0.07665	0.08692	0.99326	
26	-203.2754	007.3590	886.8187	0.93585	-0.06137	-0.34703	0.12408	0.97905	0.16146	0.32985	-0.19416	0.92385	-246.1182	-037.7193	906.5482	-0.00364	0.99955	-0.02989	-0.99970	-0.00435	-0.02391	-0.02403	0.02979	0.99927	-193.0169	-044.9947	909.0407	0.98104	-0.09609	-0.16833	0.10135	0.99459	0.02290	0.16522	-0.03952	0.98547	-142.5095	-038.2383	910.4827	0.98899	-0.14718	0.01547	0.14599	0.98741	0.06089	-0.02424	-0.05796	0.99802	-092.9947	-029.4048	912.9836	0.98436	-0.16923	-0.04906	0.16983	0.98544	0.00838	0.04693	-0.01659	0.99876	0 	 0	0	0 	 0	0	0 	 0	0	0 	 0	0	006.3617	-009.7761	918.2709	0.97680	-0.20480	-0.06255	0.20738	0.97753	0.03790	0.05338	-0.04999	0.99732	056.9518	001.0678	920.9532	0.97919	-0.19552	-0.05440	0.19465	0.98065	-0.02089	0.05743	0.00987	0.99830	104.5938	010.6071	922.4550	0.98272	-0.18257	-0.03063	0.18068	0.98195	-0.05595	0.04030	0.04944	0.99796	154.1420	017.6617	925.1972	0.98565	-0.15681	-0.06254	0.14818	0.98107	-0.12467	0.08091	0.11361	0.99023	
27	-203.2818	007.3590	886.8314	0.93570	-0.06000	-0.34767	0.12401	0.97849	0.16488	0.33029	-0.19739	0.92301	-246.1188	-037.7159	906.5488	-0.00329	0.99930	-0.03717	-0.99960	-0.00433	-0.02794	-0.02808	0.03707	0.99892	-193.0298	-044.9847	908.8445	0.99474	-0.10239	0.00149	0.10206	0.99251	0.06715	-0.00836	-0.06664	0.99774	-142.5064	-038.2377	910.4721	0.98870	-0.14760	0.02632	0.14597	0.98771	0.05594	-0.03426	-0.05146	0.99809	-092.9942	-029.4049	912.9872	0.98433	-0.16978	-0.04773	0.17040	0.98533	0.00923	0.04547	-0.01722	0.99882	0 	 0	0	0 	 0	0	0 	 0	0	0 	 0	0	006.3627	-009.7764	918.2671	0.97686	-0.20481	-0.06166	0.20732	0.97756	0.03745	0.05261	-0.04937	0.99739	056.9518	001.0678	920.9308	0.97919	-0.19552	-0.05440	0.19465	0.98065	-0.02089	0.05743	0.00987	0.99830	104.5955	010.6068	922.4470	0.98278	-0.18252	-0.02872	0.18043	0.98153	-0.06361	0.03980	0.05733	0.99756	154.1420	017.6617	925.1968	0.98565	-0.15681	-0.06254	0.14818	0.98107	-0.12467	0.08090	0.11361	0.99023	
28	-203.2875	007.3592	886.8587	0.93570	-0.05999	-0.34767	0.12392	0.97853	0.16467	0.33033	-0.19717	0.92304	-246.1232	-037.7153	906.5851	-0.00348	0.99955	-0.02992	-0.99969	-0.00422	-0.02445	-0.02457	0.02983	0.99925	-193.0243	-044.9893	908.8445	0.99474	-0.10247	0.00001	0.10225	0.99252	0.06675	-0.00685	-0.06639	0.99777	-142.5028	-038.2368	910.4737	0.98899	-0.14708	0.01598	0.14562	0.98682	0.07059	-0.02616	-0.06748	0.99738	-092.9942	-029.4049	912.9872	0.98433	-0.16973	-0.04773	0.17035	0.98534	0.00924	0.04547	-0.01722	0.99882	0 	 0	0	0 	 0	0	0 	 0	0	0 	 0	0	006.3627	-009.7762	918.3137	0.97673	-0.20451	-0.06454	0.20737	0.97740	0.04110	0.05467	-0.05353	0.99707	056.9463	001.0644	920.8996	0.97938	-0.19556	-0.05067	0.19449	0.98058	-0.02539	0.05465	0.01501	0.99839	104.5968	010.6068	922.4430	0.98283	-0.18284	-0.02465	0.18061	0.98078	-0.07387	0.03768	0.06815	0.99696	154.1422	017.6615	925.2016	0.98540	-0.15761	-0.06434	0.14808	0.98003	-0.13269	0.08397	0.12123	0.98907	
29	-203.2908	007.3586	886.8579	0.93557	-0.05995	-0.34801	0.12391	0.97856	0.16453	0.33068	-0.19705	0.92294	-246.1270	-037.7155	906.6124	-0.00327	0.99937	-0.03532	-0.99966	-0.00418	-0.02569	-0.02583	0.03523	0.99905	-193.0578	-044.9892	908.7566	0.99154	-0.10661	0.07401	0.10014	0.99122	0.08631	-0.08256	-0.07817	0.99352	-142.5058	-038.2359	910.4942	0.98896	-0.14727	0.01635	0.14570	0.98659	0.07357	-0.02697	-0.07037	0.99716	-092.9934	-029.4042	912.9768	0.98456	-0.16972	-0.04279	0.17039	0.98530	0.01257	0.04003	-0.01967	0.99900	0 	 0	0	0 	 0	0	0 	 0	0	0 	 0	0	006.3627	-009.7763	918.2975	0.97673	-0.20452	-0.06452	0.20737	0.97740	0.04112	0.05465	-0.05354	0.99707	056.9463	001.0644	920.8996	0.97939	-0.19556	-0.05046	0.19449	0.98058	-0.02535	0.05443	0.01501	0.99840	104.6028	010.5904	921.6549	0.98381	-0.17707	0.02750	0.17821	0.98288	-0.04680	-0.01875	0.05095	0.99853	154.1466	017.6620	925.1760	0.98575	-0.15696	-0.06054	0.14785	0.97998	-0.13337	0.08026	0.12252	0.98922	
30	-203.2935	007.3597	886.8727	0.93569	-0.05979	-0.34773	0.12392	0.97845	0.16520	0.33036	-0.19766	0.92293	-246.1306	-037.7159	906.6405	-0.00360	0.99952	-0.03073	-0.99967	-0.00437	-0.02518	-0.02531	0.03063	0.99921	-193.1773	-044.9864	908.3083	0.88370	-0.14009	0.44660	0.06372	0.98128	0.18174	-0.46370	-0.13215	0.87608	-142.5084	-038.2358	910.4999	0.98900	-0.14738	0.01266	0.14632	0.98725	0.06263	-0.02173	-0.06008	0.99796	-093.0318	-029.3979	913.7731	0.98363	-0.16656	-0.06874	0.17232	0.98104	0.08866	0.05267	-0.09906	0.99369	0 	 0	0	0 	 0	0	0 	 0	0	0 	 0	0	006.3630	-009.7758	918.3130	0.97667	-0.20462	-0.06519	0.20725	0.97761	0.03652	0.05625	-0.04918	0.99720	056.9414	001.0701	920.8675	0.97937	-0.19608	-0.04884	0.19577	0.98059	-0.01124	0.05010	0.00145	0.99874	104.6029	010.5878	922.3925	0.98080	-0.18322	-0.06677	0.17965	0.98213	-0.05613	0.07587	0.04306	0.99619	154.1442	017.6567	925.1579	0.98617	-0.15583	-0.05649	0.14875	0.98238	-0.11312	0.07312	0.10315	0.99197	
31	-203.2845	007.3776	886.7857	0.93590	-0.05966	-0.34717	0.12412	0.97820	0.16649	0.32967	-0.19891	0.92290	-246.1197	-037.7134	906.4843	-0.00438	0.99931	-0.03678	-0.99981	-0.00507	-0.01874	-0.01891	0.03670	0.99915	-193.3349	-046.9841	908.4724	0.98874	-0.05485	-0.13926	0.06075	0.99741	0.03851	0.13679	-0.04654	0.98951	-142.8450	-043.8194	910.1762	0.99753	-0.06937	0.01090	0.06928	0.99756	0.00912	-0.01151	-0.00834	0.99990	-092.8767	-039.1851	912.4549	0.99583	-0.08788	-0.02459	0.08767	0.99610	-0.00970	0.02535	0.00750	0.99965	-041.5806	-033.3532	911.8714	0.96320	-0.13121	-0.23458	0.17745	0.96594	0.18834	0.20188	-0.22304	0.95368	007.8810	-026.6849	917.3992	0.98661	-0.14545	-0.07379	0.14755	0.98877	0.02382	0.06949	-0.03439	0.99699	059.0968	-018.1419	919.6785	0.98598	-0.15594	-0.05944	0.15519	0.98774	-0.01707	0.06137	0.00761	0.99809	107.2267	-009.9953	921.1811	0.98604	-0.16084	-0.04311	0.15584	0.98256	-0.10142	0.05867	0.09328	0.99391	157.0229	-003.6542	923.7831	0.98828	-0.14374	-0.05147	0.14082	0.98842	-0.05660	0.05901	0.04868	0.99707	
32	-203.2815	007.3736	886.7709	0.93600	-0.05981	-0.34688	0.12404	0.97829	0.16601	0.32942	-0.19841	0.92310	-246.1170	-037.7116	906.4588	-0.00407	0.99900	-0.04452	-0.99979	-0.00496	-0.01992	-0.02012	0.04443	0.99881	-193.3367	-046.9854	908.5082	0.99597	-0.05165	-0.07339	0.05527	0.99731	0.04823	0.07070	-0.05209	0.99614	-142.8466	-043.8190	910.1827	0.99752	-0.06976	0.00913	0.06979	0.99756	-0.00244	-0.00894	0.00307	0.99996	-092.8768	-039.1830	912.4356	0.99584	-0.08810	-0.02332	0.08777	0.99603	-0.01474	0.02453	0.01263	0.99962	-041.5625	-033.4915	911.4939	0.95734	-0.12527	-0.26040	0.18735	0.95517	0.22925	0.22000	-0.26825	0.93789	007.8812	-026.6854	917.3935	0.98695	-0.14533	-0.06940	0.14783	0.98849	0.03220	0.06392	-0.04204	0.99707	059.0963	-018.1417	919.6596	0.98608	-0.15567	-0.05839	0.15550	0.98781	-0.00747	0.05884	-0.00172	0.99827	107.2267	-009.9953	921.1811	0.98605	-0.16081	-0.04285	0.15584	0.98257	-0.10135	0.05840	0.09326	0.99393	157.0273	-003.6493	923.7920	0.98836	-0.14372	-0.04990	0.14190	0.98914	-0.03828	0.05486	0.03075	0.99802	
33	-203.2879	007.3768	886.8221	0.93631	-0.05892	-0.34620	0.12405	0.97777	0.16908	0.32854	-0.20126	0.92280	-246.1155	-037.7119	906.4768	-0.00381	0.99907	-0.04289	-0.99971	-0.00481	-0.02342	-0.02360	0.04278	0.99881	-193.3382	-046.9838	908.4265	0.99777	-0.05688	-0.03484	0.05764	0.99811	0.02136	0.03356	-0.02332	0.99916	-142.8480	-043.8187	910.2018	0.99740	-0.07017	0.01639	0.06976	0.99726	0.02463	-0.01808	-0.02342	0.99956	-092.8761	-039.1826	912.4565	0.99561	-0.08790	-0.03210	0.08745	0.99605	-0.01506	0.03329	0.01219	0.99937	-041.5371	-033.6407	911.1265	0.95450	-0.10075	-0.28068	0.18046	0.94445	0.27467	0.23742	-0.31282	0.91966	007.8812	-026.6854	917.3987	0.98695	-0.14538	-0.06923	0.14780	0.98853	0.03109	0.06392	-0.04092	0.99712	059.0985	-018.1434	919.6716	0.98603	-0.15658	-0.05681	0.15587	0.98764	-0.01678	0.05873	0.00769	0.99824	107.2266	-009.9952	921.1801	0.98604	-0.16090	-0.04284	0.15583	0.98239	-0.10306	0.05867	0.09494	0.99375	157.0273	-003.6493	923.7920	0.98835	-0.14381	-0.04990	0.14199	0.98913	-0.03828	0.05487	0.03075	0.99802	
34	-203.2913	007.3798	886.8436	0.93611	-0.05944	-0.34664	0.12406	0.97807	0.16732	0.32909	-0.19963	0.92296	-246.1149	-037.7111	906.4720	-0.00383	0.99900	-0.04451	-0.99971	-0.00488	-0.02350	-0.02369	0.04441	0.99873	-193.3404	-046.9826	908.4102	0.99770	-0.05329	-0.04192	0.05504	0.99761	0.04178	0.03959	-0.04400	0.99825	-142.8475	-043.8187	910.2061	0.99760	-0.06910	0.00444	0.06903	0.99751	0.01454	-0.00544	-0.01420	0.99988	-092.8733	-039.1830	912.4495	0.99574	-0.08768	-0.02864	0.08729	0.99608	-0.01447	0.02980	0.01190	0.99949	-041.4344	-032.8424	914.8231	0.99207	-0.12358	-0.02309	0.12490	0.98977	0.06894	0.01434	-0.07128	0.99735	007.8812	-026.6856	917.3938	0.98716	-0.14532	-0.06626	0.14793	0.98833	0.03636	0.06020	-0.04570	0.99714	059.0986	-018.1408	919.6666	0.98563	-0.15655	-0.06344	0.15561	0.98762	-0.01957	0.06571	0.00942	0.99779	107.2251	-010.0055	920.2223	0.98537	-0.15198	0.07715	0.15896	0.98277	-0.09430	-0.06149	0.10519	0.99255	157.0192	-003.6515	923.7825	0.98799	-0.14345	-0.05735	0.14124	0.98913	-0.04096	0.06260	0.03237	0.99751	
35	-203.2916	007.3801	886.8217	0.93576	-0.06071	-0.34736	0.12417	0.97871	0.16345	0.33004	-0.19608	0.92338	-246.1155	-037.7151	906.4970	-0.00323	0.99916	-0.04086	-0.99965	-0.00430	-0.02628	-0.02643	0.04076	0.99882	-193.3585	-046.9849	908.4812	0.99648	-0.05102	-0.06648	0.05414	0.99747	0.04597	0.06397	-0.04941	0.99673	-142.8462	-043.8180	910.1974	0.99753	-0.07001	0.00532	0.07004	0.99752	-0.00646	-0.00485	0.00682	0.99996	-092.8717	-039.1821	912.4313	0.99582	-0.08774	-0.02541	0.08752	0.99612	-0.00958	0.02615	0.00731	0.99963	-041.3853	-032.8424	913.7780	0.99200	-0.12416	-0.02285	0.12543	0.98986	0.06673	0.01434	-0.06906	0.99751	007.8810	-026.6861	917.3957	0.98722	-0.14523	-0.06567	0.14784	0.98833	0.03681	0.05956	-0.04604	0.99716	059.0970	-018.1398	919.6780	0.98586	-0.15588	-0.06148	0.15561	0.98778	-0.00929	0.06217	-0.00041	0.99807	107.1953	-010.0579	922.2818	0.96870	-0.18363	-0.16706	0.13494	0.95434	-0.26651	0.20837	0.23563	0.94924	157.0148	-003.6515	923.7825	0.98799	-0.14345	-0.05735	0.14124	0.98913	-0.04096	0.06260	0.03237	0.99751	
36	-203.2919	007.3794	886.8229	0.93580	-0.06092	-0.34723	0.12420	0.97878	0.16301	0.32993	-0.19567	0.92350	-246.1155	-037.7177	906.5098	-0.00322	0.99924	-0.03883	-0.99964	-0.00424	-0.02633	-0.02648	0.03873	0.99890	-193.3660	-046.9861	908.4637	0.99795	-0.05219	-0.03715	0.05385	0.99753	0.04502	0.03471	-0.04693	0.99829	-142.8472	-043.8179	910.1995	0.99752	-0.06964	0.01040	0.06956	0.99755	0.00725	-0.01088	-0.00651	0.99992	-092.8689	-039.1853	912.4552	0.99571	-0.08759	-0.02974	0.08730	0.99612	-0.01100	0.03058	0.00836	0.99950	-041.6321	-033.2969	913.0331	0.97481	-0.10901	-0.19456	0.16584	0.93762	0.30557	0.14911	-0.33014	0.93208	007.8811	-026.6861	917.3957	0.98722	-0.14524	-0.06561	0.14784	0.98832	0.03682	0.05949	-0.04605	0.99717	059.0970	-018.1404	919.6729	0.98582	-0.15585	-0.06220	0.15557	0.98778	-0.00940	0.06290	-0.00041	0.99802	107.2323	-010.0494	921.4048	0.98803	-0.15269	0.02174	0.15277	0.98826	-0.00218	-0.02116	0.00548	0.99976	157.0102	-003.6531	923.7785	0.98786	-0.14332	-0.05996	0.14085	0.98907	-0.04356	0.06554	0.03458	0.99725	
37	-203.2930	007.3801	886.8417	0.93599	-0.05984	-0.34691	0.12425	0.97818	0.16649	0.32937	-0.19893	0.92300	-246.1156	-037.7177	906.4968	-0.00412	0.99921	-0.03956	-0.99979	-0.00490	-0.01969	-0.01986	0.03947	0.99902	-193.3715	-046.9881	908.4858	0.99720	-0.05220	-0.05349	0.05413	0.99791	0.03532	0.05153	-0.03811	0.99794	-142.8460	-043.8179	910.1995	0.99752	-0.06972	0.00992	0.06965	0.99755	0.00695	-0.01038	-0.00624	0.99993	-092.8662	-039.1859	912.4510	0.99573	-0.08715	-0.03043	0.08703	0.99619	-0.00543	0.03079	0.00276	0.99952	-041.6506	-033.6492	912.3979	0.96135	-0.08531	-0.26179	0.19152	0.89029	0.41317	0.19782	-0.44734	0.87221	007.8821	-026.6863	917.4057	0.98731	-0.14506	-0.06463	0.14782	0.98819	0.04030	0.05802	-0.04935	0.99710	059.0974	-018.1419	919.6691	0.98590	-0.15599	-0.06049	0.15554	0.98775	-0.01218	0.06164	0.00260	0.99809	107.2115	-010.0249	921.2867	0.98466	-0.16511	-0.05638	0.15297	0.97242	-0.17608	0.08390	0.16475	0.98276	157.0058	-003.6545	923.7741	0.98771	-0.14320	-0.06256	0.14046	0.98901	-0.04615	0.06849	0.03680	0.99697	
