"#"	"COOLCARD X"	"COOLCARD Y"	"COOLCARD Z"	"COOLCARD R11"	"COOLCARD R12"	"COOLCARD R13"	"COOLCARD R21"	"COOLCARD R22"	"COOLCARD R23"	"COOLCARD R31"	"COOLCARD R32"	"COOLCARD R33"	"TR_0(1) X"	"TR_0(1) Y"	"TR_0(1) Z"	"TR_0(1) R11"	"TR_0(1) R12"	"TR_0(1) R13"	"TR_0(1) R21"	"TR_0(1) R22"	"TR_0(1) R23"	"TR_0(1) R31"	"TR_0(1) R32"	"TR_0(1) R33"	"TR_1 X"	"TR_1 Y"	"TR_1 Z"	"TR_1 R11"	"TR_1 R12"	"TR_1 R13"	"TR_1 R21"	"TR_1 R22"	"TR_1 R23"	"TR_1 R31"	"TR_1 R32"	"TR_1 R33"	"TR_2 X"	"TR_2 Y"	"TR_2 Z"	"TR_2 R11"	"TR_2 R12"	"TR_2 R13"	"TR_2 R21"	"TR_2 R22"	"TR_2 R23"	"TR_2 R31"	"TR_2 R32"	"TR_2 R33"	"TR_3 X"	"TR_3 Y"	"TR_3 Z"	"TR_3 R11"	"TR_3 R12"	"TR_3 R13"	"TR_3 R21"	"TR_3 R22"	"TR_3 R23"	"TR_3 R31"	"TR_3 R32"	"TR_3 R33"	"TR_4 X"	"TR_4 Y"	"TR_4 Z"	"TR_4 R11"	"TR_4 R12"	"TR_4 R13"	"TR_4 R21"	"TR_4 R22"	"TR_4 R23"	"TR_4 R31"	"TR_4 R32"	"TR_4 R33"	"TR_5 X"	"TR_5 Y"	"TR_5 Z"	"TR_5 R11"	"TR_5 R12"	"TR_5 R13"	"TR_5 R21"	"TR_5 R22"	"TR_5 R23"	"TR_5 R31"	"TR_5 R32"	"TR_5 R33"	"TR_6 X"	"TR_6 Y"	"TR_6 Z"	"TR_6 R11"	"TR_6 R12"	"TR_6 R13"	"TR_6 R21"	"TR_6 R22"	"TR_6 R23"	"TR_6 R31"	"TR_6 R32"	"TR_6 R33"	"TR_7 X"	"TR_7 Y"	"TR_7 Z"	"TR_7 R11"	"TR_7 R12"	"TR_7 R13"	"TR_7 R21"	"TR_7 R22"	"TR_7 R23"	"TR_7 R31"	"TR_7 R32"	"TR_7 R33"	"TR_8 X"	"TR_8 Y"	"TR_8 Z"	"TR_8 R11"	"TR_8 R12"	"TR_8 R13"	"TR_8 R21"	"TR_8 R22"	"TR_8 R23"	"TR_8 R31"	"TR_8 R32"	"TR_8 R33"	
1	-117.7700	060.1055	782.9514	0.98162	0.01036	-0.19059	-0.01102	0.99994	-0.00243	0.19055	0.00448	0.98167	-211.0704	-003.6034	846.3415	0.99987	0.00927	0.01298	-0.00941	0.99990	0.01068	-0.01288	-0.01081	0.99986	-159.2320	-004.0622	845.2273	0.99842	-0.01277	0.05479	0.01130	0.99957	0.02700	-0.05511	-0.02634	0.99813	-109.5243	-006.7824	844.8587	0.99583	0.06344	0.06551	-0.06395	0.99794	0.00573	-0.06501	-0.00989	0.99784	-060.8327	-012.6916	844.9393	0.98826	0.15253	-0.00858	-0.15267	0.98810	-0.01894	0.00559	0.02003	0.99978	-011.6379	-024.1700	844.5184	0.96797	0.24851	-0.03564	-0.24965	0.96780	-0.03225	0.02648	0.04011	0.99884	033.4287	-041.4149	844.4967	0.92265	0.37729	-0.07980	-0.37924	0.92524	-0.01034	0.06993	0.03980	0.99676	077.7786	-065.0824	844.9276	0.85747	0.49290	0.14763	-0.51188	0.84629	0.14755	-0.05221	-0.20209	0.97797	115.2112	-094.0111	844.3499	0.77966	0.62372	0.05576	-0.62602	0.77848	0.04547	-0.01505	-0.07036	0.99741	147.5258	-128.8388	844.4167	0.67270	0.73979	0.01383	-0.73977	0.67282	-0.00704	-0.01452	-0.00550	0.99988	
2	-117.7712	060.1063	782.9646	0.98164	0.01069	-0.19043	-0.01101	0.99994	-0.00059	0.19042	0.00268	0.98170	-211.0713	-003.6027	846.3387	0.99976	0.00931	0.01994	-0.00964	0.99982	0.01636	-0.01979	-0.01654	0.99967	-159.2320	-004.0622	845.2273	0.99842	-0.01277	0.05479	0.01130	0.99957	0.02700	-0.05511	-0.02634	0.99813	-109.5249	-006.7699	844.9326	0.99545	0.05993	0.07403	-0.06521	0.99533	0.07113	-0.06942	-0.07563	0.99472	-060.8320	-012.6947	844.9496	0.98812	0.15300	-0.01455	-0.15323	0.98805	-0.01673	0.01182	0.01876	0.99975	-011.6410	-024.1693	844.4991	0.96831	0.24865	-0.02334	-0.24945	0.96747	-0.04204	0.01212	0.04653	0.99884	033.4287	-041.4149	844.4368	0.92229	0.37759	-0.08251	-0.37957	0.92512	-0.00921	0.07285	0.03981	0.99655	077.7601	-065.0948	844.5140	0.85823	0.51153	-0.04218	-0.51279	0.85808	-0.02730	0.02223	0.04506	0.99874	115.2109	-094.0117	844.3059	0.78002	0.62115	0.07576	-0.62526	0.77846	0.05519	-0.02469	-0.09041	0.99560	147.5113	-128.8361	844.3157	0.67320	0.73843	0.03889	-0.73934	0.67310	0.01775	-0.01307	-0.04070	0.99909	
3	-117.7716	060.1063	782.9728	0.98167	0.01039	-0.19030	-0.01111	0.99993	-0.00272	0.19026	0.00479	0.98172	-211.0715	-003.6028	846.3328	0.99981	0.00927	0.01702	-0.00953	0.99984	0.01521	-0.01688	-0.01537	0.99974	-159.2312	-004.0621	845.2237	0.99846	-0.01278	0.05402	0.01127	0.99954	0.02829	-0.05436	-0.02764	0.99814	-109.5243	-006.7665	844.8706	0.99635	0.06114	0.05956	-0.06358	0.99718	0.03993	-0.05695	-0.04358	0.99743	-060.8327	-012.6964	844.9466	0.98810	0.15339	-0.01180	-0.15354	0.98805	-0.01344	0.00960	0.01510	0.99984	-011.6368	-024.1683	844.5021	0.96833	0.24854	-0.02396	-0.24929	0.96775	-0.03637	0.01414	0.04119	0.99905	033.4262	-041.4126	844.3264	0.92377	0.37809	-0.06077	-0.37935	0.92519	-0.01035	0.05231	0.03261	0.99810	077.7428	-065.1087	844.3161	0.85857	0.50994	-0.05315	-0.51217	0.85776	-0.04383	0.02324	0.06485	0.99762	115.2068	-094.0108	844.2257	0.77976	0.62181	0.07295	-0.62562	0.77834	0.05279	-0.02395	-0.08680	0.99594	147.5045	-128.8344	844.2359	0.67353	0.73870	0.02599	-0.73910	0.67350	0.01129	-0.00917	-0.02681	0.99960	
4	-117.7715	060.1058	782.9630	0.98156	0.01039	-0.19089	-0.01111	0.99993	-0.00272	0.19085	0.00479	0.98161	-211.0730	-003.6019	846.3424	0.99981	0.00911	0.01718	-0.00934	0.99987	0.01306	-0.01706	-0.01322	0.99977	-159.2304	-004.0620	845.2201	0.99850	-0.01279	0.05325	0.01123	0.99950	0.02957	-0.05360	-0.02893	0.99814	-109.5240	-006.7681	844.8423	0.99636	0.06288	0.05751	-0.06390	0.99783	0.01612	-0.05637	-0.01974	0.99821	-060.8342	-012.6963	844.9237	0.98808	0.15292	-0.01746	-0.15320	0.98806	-0.01639	0.01475	0.01887	0.99971	-011.6411	-024.1295	843.7660	0.96889	0.24727	-0.01068	-0.24741	0.96878	-0.01582	0.00643	0.01797	0.99982	033.4227	-041.4126	844.3809	0.92377	0.37808	-0.06084	-0.37936	0.92519	-0.01052	0.05231	0.03280	0.99809	077.7088	-065.1207	843.7197	0.85821	0.51152	0.04264	-0.51316	0.85691	0.04863	-0.01166	-0.06361	0.99791	115.1968	-093.9964	843.5823	0.77937	0.62545	0.03740	-0.62656	0.77758	0.05282	0.00395	-0.06460	0.99790	147.5055	-128.8344	844.2359	0.67353	0.73870	0.02614	-0.73910	0.67350	0.01111	-0.00940	-0.02681	0.99960	
5	-117.7712	060.1054	782.9646	0.98160	0.01024	-0.19068	-0.01101	0.99994	-0.00293	0.19064	0.00497	0.98165	-211.0691	-003.5994	846.3099	0.99977	0.00916	0.01942	-0.00943	0.99986	0.01396	-0.01928	-0.01414	0.99971	-159.2285	-004.0618	845.2027	0.99850	-0.01246	0.05339	0.01099	0.99956	0.02771	-0.05371	-0.02708	0.99819	-109.5270	-006.7655	844.8215	0.99664	0.06199	0.05357	-0.06287	0.99791	0.01484	-0.05254	-0.01816	0.99845	-060.8363	-012.6954	844.8685	0.98821	0.15302	-0.00555	-0.15310	0.98803	-0.01907	0.00257	0.01970	0.99980	-011.6358	-024.1656	844.4437	0.96840	0.24840	-0.02229	-0.24905	0.96790	-0.03380	0.01318	0.03829	0.99918	033.4170	-041.4077	844.2954	0.92425	0.37888	-0.04707	-0.37938	0.92524	-0.00164	0.04293	0.01938	0.99889	077.7314	-065.1127	844.1602	0.85871	0.51203	-0.02125	-0.51234	0.85869	-0.01301	0.01159	0.02205	0.99969	115.1486	-093.9948	843.1647	0.77900	0.62394	0.06212	-0.62636	0.77891	0.03126	-0.02888	-0.06326	0.99758	147.5077	-128.8339	844.2164	0.67357	0.73890	0.01823	-0.73908	0.67359	0.00598	-0.00786	-0.01750	0.99982	
6	-117.7721	060.1054	782.9810	0.98135	0.01026	-0.19195	-0.01099	0.99994	-0.00276	0.19191	0.00482	0.98140	-211.0678	-003.5984	846.3058	0.99979	0.00933	0.01835	-0.00957	0.99987	0.01299	-0.01823	-0.01316	0.99975	-159.2323	-004.0620	845.2271	0.99878	-0.01183	0.04789	0.01094	0.99976	0.01889	-0.04811	-0.01834	0.99867	-109.5270	-006.7655	844.8215	0.99662	0.06203	0.05376	-0.06286	0.99793	0.01376	-0.05280	-0.01710	0.99846	-060.8387	-012.6936	844.8219	0.98818	0.15321	-0.00470	-0.15327	0.98800	-0.01925	0.00169	0.01975	0.99980	-011.6347	-024.1640	844.4311	0.96853	0.24797	-0.02152	-0.24847	0.96830	-0.02548	0.01452	0.03002	0.99944	033.4170	-041.4077	844.2954	0.92424	0.37890	-0.04714	-0.37939	0.92524	-0.00162	0.04300	0.01938	0.99889	077.7233	-065.1087	844.0422	0.85890	0.51183	-0.01822	-0.51201	0.85894	-0.00751	0.01180	0.01578	0.99981	115.1545	-093.9934	843.2744	0.77992	0.62090	0.07874	-0.62508	0.77907	0.04818	-0.03143	-0.08679	0.99573	147.5074	-128.8210	843.7230	0.67320	0.73191	-0.10534	-0.73910	0.67046	-0.06497	0.02308	0.12159	0.99231	
7	-117.7713	060.1048	782.9694	0.98142	0.01004	-0.19162	-0.01092	0.99993	-0.00353	0.19157	0.00556	0.98146	-211.0634	-003.5980	846.2917	0.99980	0.00912	0.01771	-0.00934	0.99988	0.01220	-0.01760	-0.01236	0.99977	-159.2334	-004.0594	845.2251	0.99868	-0.01226	0.04990	0.01098	0.99960	0.02602	-0.05020	-0.02543	0.99842	-109.5302	-006.7640	844.8143	0.99613	0.06125	0.06304	-0.06286	0.99773	0.02395	-0.06143	-0.02782	0.99772	-060.8406	-012.6920	844.7940	0.98818	0.15302	-0.00955	-0.15320	0.98793	-0.02293	0.00593	0.02412	0.99969	-011.6347	-024.1640	844.4201	0.96853	0.24796	-0.02152	-0.24847	0.96830	-0.02553	0.01450	0.03007	0.99944	033.4172	-041.4063	844.2749	0.92422	0.37907	-0.04611	-0.37947	0.92520	0.00013	0.04271	0.01738	0.99894	077.7233	-065.1058	844.0422	0.85890	0.51183	-0.01822	-0.51201	0.85894	-0.00751	0.01180	0.01578	0.99981	115.1527	-093.9898	843.2851	0.77967	0.62096	0.08078	-0.62538	0.77871	0.05013	-0.03178	-0.08960	0.99547	147.5254	-128.8090	843.6273	0.67217	0.72610	-0.14482	-0.73974	0.66687	-0.08989	0.03131	0.16755	0.98537	
8	-117.7712	060.1048	782.9689	0.98154	0.01019	-0.19098	-0.01088	0.99994	-0.00255	0.19094	0.00458	0.98159	-211.0607	-003.5996	846.2870	0.99980	0.00920	0.01795	-0.00945	0.99986	0.01393	-0.01782	-0.01410	0.99974	-159.2334	-004.0608	845.2251	0.99865	-0.01229	0.05047	0.01098	0.99960	0.02615	-0.05077	-0.02556	0.99838	-109.5637	-006.8763	844.0506	0.99113	0.08548	0.10176	-0.07388	0.99087	-0.11278	-0.11047	0.10426	0.98840	-060.8422	-012.6902	844.7836	0.98819	0.15320	-0.00242	-0.15322	0.98813	-0.01098	0.00071	0.01122	0.99994	-011.6374	-024.1627	844.4377	0.96839	0.24893	-0.01576	-0.24916	0.96835	-0.01447	0.01166	0.01794	0.99977	033.4163	-041.4053	844.2543	0.92419	0.37925	-0.04509	-0.37956	0.92517	0.00187	0.04242	0.01538	0.99898	077.6978	-065.0734	843.6251	0.85972	0.51062	-0.01242	-0.51054	0.85980	0.00939	0.01547	-0.00174	0.99988	115.1506	-093.9884	843.3026	0.77981	0.62038	0.08385	-0.62522	0.77856	0.05429	-0.03160	-0.09477	0.99500	147.4950	-128.8205	843.4285	0.67164	0.73933	-0.04781	-0.74087	0.67038	-0.04118	0.00160	0.06307	0.99801	
9	-117.7715	060.1058	782.9753	0.98155	0.01050	-0.19089	-0.01097	0.99994	-0.00136	0.19087	0.00343	0.98161	-210.9967	-003.7799	845.5379	0.99892	0.01353	0.04444	-0.01332	0.99990	-0.00494	-0.04451	0.00434	0.99900	-159.2378	-004.0604	845.2430	0.99841	-0.01278	0.05484	0.01087	0.99933	0.03508	-0.05525	-0.03443	0.99788	-109.5401	-006.3767	845.8150	0.99466	0.03083	0.09847	-0.05138	0.97557	0.21361	-0.08948	-0.21753	0.97194	-060.8433	-012.6902	844.8025	0.98819	0.15308	-0.00715	-0.15312	0.98819	-0.00642	0.00608	0.00744	0.99995	-011.6316	-024.1616	844.4250	0.96828	0.24889	-0.02192	-0.24937	0.96814	-0.02283	0.01554	0.02757	0.99950	033.3937	-041.3797	843.7928	0.92435	0.38149	0.00639	-0.38137	0.92328	0.04594	0.01163	-0.04490	0.99892	077.6970	-065.0620	843.5622	0.85996	0.51012	-0.01570	-0.51003	0.86010	0.00982	0.01852	-0.00043	0.99983	115.1525	-093.9907	843.3837	0.77959	0.62185	0.07440	-0.62562	0.77872	0.04676	-0.02886	-0.08300	0.99613	147.4950	-128.8205	843.4285	0.67164	0.73933	-0.04785	-0.74087	0.67038	-0.04121	0.00160	0.06313	0.99800	
10	-117.7719	060.1057	782.9762	0.98161	0.01022	-0.19060	-0.01100	0.99993	-0.00306	0.19056	0.00510	0.98166	-211.1106	-003.4725	847.3894	0.99985	0.00795	-0.01517	-0.00712	0.99853	0.05374	0.01558	-0.05362	0.99844	-159.2369	-004.0602	845.2321	0.99872	-0.01221	0.04908	0.01104	0.99965	0.02395	-0.04936	-0.02338	0.99851	-109.5449	-006.6336	844.8422	0.99699	0.05967	0.04960	-0.05456	0.99363	-0.09857	-0.05516	0.09557	0.99389	-060.8437	-012.6903	844.8049	0.98805	0.15378	-0.01005	-0.15386	0.98806	-0.00806	0.00869	0.00951	0.99992	-011.6282	-024.1608	844.4191	0.96824	0.24863	-0.02632	-0.24921	0.96821	-0.02144	0.02016	0.02732	0.99942	033.3900	-041.3765	843.7107	0.92417	0.38185	0.01051	-0.38185	0.92271	0.05289	0.01050	-0.05289	0.99855	077.6961	-065.0505	843.4992	0.86019	0.50962	-0.01899	-0.50952	0.86040	0.01024	0.02156	0.00087	0.99977	115.1662	-094.0026	843.9259	0.77899	0.61924	0.09854	-0.62610	0.77676	0.06823	-0.03429	-0.11485	0.99279	147.4986	-128.8189	843.3551	0.67119	0.73889	-0.05958	-0.74127	0.66947	-0.04822	0.00426	0.07653	0.99706	
11	-117.7703	060.1013	782.8413	0.98159	0.01022	-0.19072	-0.01105	0.99993	-0.00326	0.19067	0.00530	0.98164	-210.9926	-003.5828	846.0919	0.99983	0.00868	0.01605	-0.00886	0.99990	0.01093	-0.01595	-0.01107	0.99981	-160.6189	-008.6072	845.3758	0.99322	0.10277	0.05428	-0.10129	0.99442	-0.02931	-0.05699	0.02362	0.99810	-113.1878	-020.4308	844.1263	0.97122	0.23693	0.02456	-0.23361	0.92732	0.29240	0.04650	-0.28972	0.95598	-068.0250	-037.8499	844.3124	0.91415	0.40535	-0.00455	-0.40533	0.91382	-0.02526	-0.00608	0.02494	0.99967	-024.1807	-062.5658	844.0639	0.85383	0.52053	-0.00346	-0.51850	0.84987	-0.09420	-0.04610	0.08222	0.99555	014.2848	-091.7186	842.9813	0.78659	0.61676	0.02986	-0.61738	0.78465	0.05629	0.01128	-0.06271	0.99797	051.7418	-125.9015	842.2243	0.71733	0.69597	0.03264	-0.69636	0.71769	0.00100	-0.02273	-0.02345	0.99947	083.5656	-161.8959	841.6968	0.66269	0.74534	0.07282	-0.74744	0.66432	0.00243	-0.04657	-0.05604	0.99734	112.7162	-200.6478	841.2661	0.61402	0.78623	0.06942	-0.78884	0.61426	0.02034	-0.02665	-0.06725	0.99738	
12	-117.7714	060.1014	782.8569	0.98163	0.01057	-0.19050	-0.01102	0.99994	-0.00130	0.19047	0.00338	0.98169	-210.9936	-003.5827	846.1036	0.99984	0.00901	0.01523	-0.00919	0.99989	0.01190	-0.01512	-0.01204	0.99981	-160.6014	-008.8078	844.2246	0.98935	0.12309	0.07775	-0.11704	0.99005	-0.07807	-0.08658	0.06814	0.99391	-113.1942	-020.4037	844.2283	0.96750	0.25212	0.01974	-0.25289	0.96416	0.08025	0.00120	-0.08263	0.99658	-068.0250	-037.8509	844.3217	0.91439	0.40483	-0.00049	-0.40475	0.91420	-0.02035	-0.00779	0.01881	0.99979	-024.4534	-062.9870	841.8931	0.86015	0.50748	-0.05097	-0.48949	0.84944	0.19709	0.14331	-0.14458	0.97906	014.2854	-091.7162	842.9924	0.78625	0.61770	0.01621	-0.61766	0.78491	0.04913	0.01762	-0.04864	0.99866	051.7414	-125.8998	842.2184	0.71751	0.69585	0.03113	-0.69616	0.71788	-0.00128	-0.02324	-0.02076	0.99951	083.5648	-161.8961	841.6925	0.66257	0.74534	0.07401	-0.74745	0.66432	0.00129	-0.04820	-0.05617	0.99726	112.7163	-200.6475	841.2641	0.61399	0.78602	0.07197	-0.78885	0.61420	0.02175	-0.02711	-0.07013	0.99717	
13	-117.7718	060.1010	782.8543	0.98152	0.00999	-0.19108	-0.01098	0.99993	-0.00412	0.19102	0.00614	0.98157	-210.9938	-003.5825	846.1214	0.99989	0.00908	0.01193	-0.00923	0.99988	0.01224	-0.01182	-0.01234	0.99985	-160.6130	-008.9625	843.1894	0.98255	0.14313	0.11881	-0.12808	0.98374	-0.12593	-0.13490	0.10852	0.98490	-113.1885	-020.4269	844.1579	0.97041	0.24081	0.01800	-0.23447	0.92180	0.30871	0.05775	-0.30379	0.95099	-068.0248	-037.8513	844.3240	0.91430	0.40503	-0.00299	-0.40496	0.91392	-0.02754	-0.00842	0.02639	0.99962	-023.9090	-062.5472	844.9682	0.84227	0.53376	0.07531	-0.50579	0.83087	-0.23200	-0.18641	0.15731	0.96980	014.2860	-091.7153	843.0032	0.78621	0.61760	0.02093	-0.61782	0.78486	0.04783	0.01311	-0.05054	0.99864	051.7414	-125.8999	842.2184	0.71740	0.69597	0.03113	-0.69628	0.71777	-0.00128	-0.02324	-0.02076	0.99951	083.5643	-161.8959	841.7061	0.66256	0.74548	0.07265	-0.74768	0.66405	0.00476	-0.04469	-0.05747	0.99735	112.7154	-200.6472	841.2806	0.61421	0.78636	0.06617	-0.78881	0.61422	0.02267	-0.02282	-0.06612	0.99755	
14	-117.7717	060.1008	782.8516	0.98151	0.01001	-0.19114	-0.01093	0.99993	-0.00378	0.19109	0.00580	0.98155	-210.9903	-003.5815	846.1024	0.99984	0.00838	0.01560	-0.00854	0.99991	0.01015	-0.01551	-0.01028	0.99983	-160.6068	-008.6314	845.2299	0.99343	0.09996	-0.05580	-0.10367	0.99228	-0.06813	0.04855	0.07347	0.99611	-113.1853	-020.4590	844.1388	0.97142	0.23704	0.01233	-0.22093	0.88394	0.41212	0.08679	-0.40306	0.91105	-068.0248	-037.8616	844.2904	0.91537	0.40258	-0.00412	-0.40261	0.91533	-0.00904	0.00014	0.00994	0.99995	-023.9090	-062.5472	844.9682	0.84227	0.53376	0.07531	-0.50579	0.83087	-0.23200	-0.18641	0.15731	0.96980	014.2866	-091.7115	842.9918	0.78629	0.61757	0.01887	-0.61776	0.78527	0.04158	0.01086	-0.04435	0.99896	051.7416	-125.8998	842.2182	0.71745	0.69597	0.02993	-0.69622	0.71782	-0.00246	-0.02320	-0.01907	0.99955	083.5640	-161.8955	841.7101	0.66308	0.74546	0.06801	-0.74738	0.66438	0.00454	-0.04180	-0.05384	0.99767	112.7119	-200.6411	841.2449	0.61424	0.78759	0.04920	-0.78883	0.61450	0.01132	-0.02132	-0.04576	0.99872	
15	-117.7715	060.1014	782.8496	0.98151	0.01004	-0.19115	-0.01092	0.99993	-0.00358	0.19110	0.00560	0.98155	-210.9950	-003.5802	846.1135	0.99978	0.00864	0.01907	-0.00893	0.99984	0.01546	-0.01893	-0.01563	0.99970	-160.6068	-008.6314	845.2299	0.99343	0.09996	-0.05580	-0.10367	0.99228	-0.06813	0.04855	0.07347	0.99611	-113.1853	-020.4371	844.2002	0.96976	0.24305	0.02237	-0.23915	0.92787	0.28612	0.04879	-0.28282	0.95793	-068.0232	-037.8578	844.3339	0.91416	0.40531	0.00676	-0.40516	0.91410	-0.01659	-0.01290	0.01243	0.99984	-024.4502	-062.8051	842.3599	0.85942	0.50486	0.08077	-0.48247	0.74853	0.45488	0.16919	-0.42991	0.88688	014.2883	-091.7099	842.9995	0.78640	0.61722	0.02476	-0.61769	0.78532	0.04172	0.00630	-0.04811	0.99882	051.7417	-125.8997	842.2178	0.71766	0.69580	0.02874	-0.69601	0.71802	-0.00363	-0.02316	-0.01739	0.99958	083.5627	-161.8952	841.7234	0.66297	0.74503	0.07347	-0.74743	0.66430	0.00810	-0.04277	-0.06028	0.99726	112.7111	-200.6389	841.2594	0.61388	0.78696	0.06198	-0.78911	0.61389	0.02117	-0.02139	-0.06191	0.99785	
16	-117.7723	060.1017	782.8609	0.98153	0.01013	-0.19105	-0.01086	0.99994	-0.00279	0.19101	0.00481	0.98158	-210.9963	-003.5802	846.1154	0.99982	0.00890	0.01696	-0.00913	0.99986	0.01371	-0.01683	-0.01387	0.99976	-160.6112	-008.7062	845.1088	0.99121	0.10889	0.07511	-0.11216	0.99285	0.04081	-0.07013	-0.04888	0.99634	-113.1859	-020.4140	844.2522	0.96921	0.24300	0.03985	-0.24496	0.93494	0.25668	0.02512	-0.25854	0.96568	-068.0232	-037.8572	844.3859	0.91421	0.40524	0.00028	-0.40517	0.91408	-0.01715	-0.00720	0.01557	0.99985	-024.1120	-062.8392	844.1985	0.87218	0.48264	-0.07978	-0.44065	0.70431	-0.55657	-0.21243	0.52058	0.82696	014.2892	-091.7089	843.0170	0.78644	0.61710	0.02639	-0.61764	0.78530	0.04265	0.00559	-0.04985	0.99874	051.7416	-125.8987	842.2206	0.71745	0.69589	0.03167	-0.69621	0.71784	-0.00120	-0.02357	-0.02118	0.99950	083.5623	-161.8943	841.7161	0.66288	0.74582	0.06596	-0.74745	0.66432	0.00005	-0.04378	-0.04934	0.99782	112.7111	-200.6404	841.2594	0.61388	0.78694	0.06222	-0.78911	0.61388	0.02136	-0.02139	-0.06221	0.99783	
17	-117.7720	060.1018	782.8488	0.98151	0.00985	-0.19115	-0.01087	0.99993	-0.00431	0.19109	0.00631	0.98155	-210.9920	-003.5794	846.0995	0.99984	0.00891	0.01553	-0.00910	0.99989	0.01208	-0.01542	-0.01222	0.99981	-160.6025	-008.7285	845.2224	0.99371	0.11031	0.01950	-0.11016	0.99387	-0.00902	-0.02038	0.00682	0.99977	-113.1855	-020.4277	844.2319	0.96974	0.24249	0.02827	-0.23915	0.92029	0.30964	0.04907	-0.30703	0.95043	-068.0232	-037.8556	844.3545	0.91406	0.40557	-0.00282	-0.40547	0.91363	-0.02971	-0.00948	0.02830	0.99955	-024.4401	-062.8679	842.3868	0.86000	0.50557	0.06935	-0.49301	0.78805	0.36867	0.13173	-0.35125	0.92697	014.2898	-091.7067	843.0119	0.78637	0.61728	0.02414	-0.61774	0.78547	0.03799	0.00449	-0.04479	0.99899	051.7421	-125.8977	842.2208	0.71766	0.69585	0.02751	-0.69604	0.71800	-0.00352	-0.02220	-0.01662	0.99962	083.5621	-161.8973	841.7211	0.66275	0.74572	0.06827	-0.74755	0.66420	0.00193	-0.04390	-0.05231	0.99767	112.7149	-200.6408	841.2748	0.61368	0.78618	0.07293	-0.78924	0.61343	0.02844	-0.02238	-0.07501	0.99693	
18	-117.7719	060.1025	782.8579	0.98132	0.01007	-0.19211	-0.01084	0.99994	-0.00296	0.19207	0.00499	0.98137	-210.9903	-003.5787	846.0957	0.99986	0.00858	0.01422	-0.00874	0.99990	0.01092	-0.01412	-0.01105	0.99984	-160.5997	-008.7235	845.1665	0.99345	0.10582	0.04313	-0.10538	0.99435	-0.01239	-0.04420	0.00776	0.99899	-113.2349	-020.3672	845.1908	0.94878	0.29041	0.12440	-0.23141	0.90687	-0.35219	-0.21509	0.30536	0.92763	-068.0232	-037.8556	844.3545	0.91407	0.40556	-0.00287	-0.40546	0.91363	-0.02967	-0.00941	0.02829	0.99956	-024.4850	-063.0300	841.7082	0.83729	0.53721	-0.10173	-0.54486	0.83531	-0.07345	0.04552	0.11692	0.99210	014.2899	-091.7051	843.0126	0.78627	0.61745	0.02293	-0.61787	0.78552	0.03445	0.00326	-0.04125	0.99914	051.7416	-125.8973	842.2306	0.71740	0.69658	0.01097	-0.69646	0.71748	-0.01277	-0.01677	0.00152	0.99986	083.5604	-161.8968	841.7050	0.66288	0.74525	0.07202	-0.74734	0.66443	0.00332	-0.04538	-0.05602	0.99740	112.7126	-200.6372	841.2584	0.61390	0.78713	0.05965	-0.78913	0.61387	0.02095	-0.02013	-0.05993	0.99800	
19	-117.7725	060.1031	782.8637	0.98128	0.01005	-0.19235	-0.01076	0.99994	-0.00261	0.19231	0.00463	0.98132	-210.9891	-003.5771	846.0807	0.99984	0.00837	0.01571	-0.00851	0.99992	0.00904	-0.01563	-0.00917	0.99984	-160.6018	-008.7290	845.1667	0.99352	0.10824	0.03481	-0.10767	0.99402	-0.01800	-0.03655	0.01414	0.99923	-113.1985	-020.3022	844.7035	0.96370	0.26534	0.02952	-0.26163	0.96063	-0.09344	-0.05315	0.08233	0.99519	-068.0233	-037.8546	844.3544	0.91419	0.40528	0.00043	-0.40506	0.91372	-0.03217	-0.01343	0.02924	0.99948	-024.4475	-062.9734	841.7833	0.85862	0.50138	-0.10672	-0.51241	0.84523	-0.15170	0.01414	0.18493	0.98265	014.2895	-091.7047	843.0043	0.78620	0.61770	0.01842	-0.61797	0.78572	0.02760	0.00258	-0.03308	0.99945	051.7417	-125.8970	842.2312	0.71752	0.69600	0.02748	-0.69625	0.71780	-0.00071	-0.02022	-0.01862	0.99962	083.5628	-161.8969	841.7022	0.66303	0.74570	0.06571	-0.74733	0.66445	0.00032	-0.04342	-0.04932	0.99784	112.7126	-200.6372	841.2584	0.61386	0.78715	0.05965	-0.78915	0.61384	0.02094	-0.02013	-0.05993	0.99800	
20	-117.7721	060.1031	782.8644	0.98133	0.01001	-0.19209	-0.01071	0.99994	-0.00263	0.19205	0.00464	0.98137	-210.9874	-003.5764	846.0543	0.99983	0.00817	0.01661	-0.00830	0.99993	0.00800	-0.01655	-0.00813	0.99983	-160.5998	-008.7320	845.1197	0.99308	0.10982	0.04167	-0.10937	0.99392	-0.01289	-0.04283	0.00824	0.99905	-113.1811	-020.3022	844.7035	0.96370	0.26535	0.02960	-0.26163	0.96063	-0.09347	-0.05323	0.08233	0.99518	-068.0232	-037.8547	844.3737	0.91382	0.40612	-0.00258	-0.40605	0.91348	-0.02602	-0.00821	0.02483	0.99966	-024.4313	-062.9720	841.8379	0.85943	0.50727	-0.06368	-0.51005	0.85926	-0.03892	0.03497	0.06593	0.99721	014.2896	-091.7042	843.0099	0.78611	0.61767	0.02267	-0.61809	0.78557	0.02904	0.00013	-0.03684	0.99932	051.7412	-125.8968	842.2456	0.71737	0.69614	0.02770	-0.69645	0.71761	0.00217	-0.01836	-0.02085	0.99961	083.5632	-161.8965	841.7087	0.66293	0.74562	0.06769	-0.74746	0.66429	0.00303	-0.04271	-0.05261	0.99770	112.7129	-200.6359	841.2672	0.61394	0.78734	0.05635	-0.78910	0.61398	0.01873	-0.01985	-0.05597	0.99824	
