"#"	"COOLCARD X"	"COOLCARD Y"	"COOLCARD Z"	"COOLCARD R11"	"COOLCARD R12"	"COOLCARD R13"	"COOLCARD R21"	"COOLCARD R22"	"COOLCARD R23"	"COOLCARD R31"	"COOLCARD R32"	"COOLCARD R33"	"TR_0(1) X"	"TR_0(1) Y"	"TR_0(1) Z"	"TR_0(1) R11"	"TR_0(1) R12"	"TR_0(1) R13"	"TR_0(1) R21"	"TR_0(1) R22"	"TR_0(1) R23"	"TR_0(1) R31"	"TR_0(1) R32"	"TR_0(1) R33"	"TR_1 X"	"TR_1 Y"	"TR_1 Z"	"TR_1 R11"	"TR_1 R12"	"TR_1 R13"	"TR_1 R21"	"TR_1 R22"	"TR_1 R23"	"TR_1 R31"	"TR_1 R32"	"TR_1 R33"	"TR_2 X"	"TR_2 Y"	"TR_2 Z"	"TR_2 R11"	"TR_2 R12"	"TR_2 R13"	"TR_2 R21"	"TR_2 R22"	"TR_2 R23"	"TR_2 R31"	"TR_2 R32"	"TR_2 R33"	"TR_3 X"	"TR_3 Y"	"TR_3 Z"	"TR_3 R11"	"TR_3 R12"	"TR_3 R13"	"TR_3 R21"	"TR_3 R22"	"TR_3 R23"	"TR_3 R31"	"TR_3 R32"	"TR_3 R33"	"TR_4 X"	"TR_4 Y"	"TR_4 Z"	"TR_4 R11"	"TR_4 R12"	"TR_4 R13"	"TR_4 R21"	"TR_4 R22"	"TR_4 R23"	"TR_4 R31"	"TR_4 R32"	"TR_4 R33"	"TR_5 X"	"TR_5 Y"	"TR_5 Z"	"TR_5 R11"	"TR_5 R12"	"TR_5 R13"	"TR_5 R21"	"TR_5 R22"	"TR_5 R23"	"TR_5 R31"	"TR_5 R32"	"TR_5 R33"	"TR_6 X"	"TR_6 Y"	"TR_6 Z"	"TR_6 R11"	"TR_6 R12"	"TR_6 R13"	"TR_6 R21"	"TR_6 R22"	"TR_6 R23"	"TR_6 R31"	"TR_6 R32"	"TR_6 R33"	"TR_7 X"	"TR_7 Y"	"TR_7 Z"	"TR_7 R11"	"TR_7 R12"	"TR_7 R13"	"TR_7 R21"	"TR_7 R22"	"TR_7 R23"	"TR_7 R31"	"TR_7 R32"	"TR_7 R33"	"TR_8 X"	"TR_8 Y"	"TR_8 Z"	"TR_8 R11"	"TR_8 R12"	"TR_8 R13"	"TR_8 R21"	"TR_8 R22"	"TR_8 R23"	"TR_8 R31"	"TR_8 R32"	"TR_8 R33"	
1	-103.3753	051.5332	817.3139	0.91532	0.01258	-0.40253	-0.01543	0.99987	-0.00383	0.40243	0.00972	0.91540	-223.7481	-011.8036	849.1677	0.99993	0.00972	0.00687	-0.00968	0.99993	-0.00710	-0.00693	0.00703	0.99995	-171.7200	-011.3344	844.7687	0.95787	-0.03435	0.28513	0.04384	0.99867	-0.02698	-0.28383	0.03834	0.95811	-121.0771	-008.5253	847.4215	0.99748	-0.04157	0.05746	0.04167	0.99913	-0.00066	-0.05739	0.00305	0.99835	-071.6399	-007.6522	847.4877	0.99932	-0.00001	0.03692	-0.00190	0.99866	0.05171	-0.03687	-0.05175	0.99798	-020.6931	-009.6825	847.1237	0.99827	0.05034	-0.03038	-0.05025	0.99873	0.00385	0.03053	-0.00232	0.99953	027.6417	-015.9766	847.4989	0.98934	0.13994	-0.04019	-0.14077	0.98986	-0.01874	0.03716	0.02420	0.99902	077.2238	-026.4431	846.3918	0.97186	0.23538	0.00929	-0.23546	0.96951	0.06796	0.00699	-0.06824	0.99764	122.4873	-041.1224	844.5876	0.93987	0.33567	-0.06297	-0.34136	0.92911	-0.14222	0.01077	0.15517	0.98783	165.3259	-062.3760	844.2613	0.89206	0.44513	0.07802	-0.44982	0.89120	0.05849	-0.04349	-0.08727	0.99523	
2	-103.3900	051.5343	817.3063	0.91543	0.01195	-0.40230	-0.01538	0.99987	-0.00530	0.40218	0.01104	0.91549	-223.7719	-011.8059	849.1690	0.99989	0.00981	0.01155	-0.00976	0.99994	-0.00435	-0.01159	0.00424	0.99992	-171.6836	-010.5571	848.4918	0.99784	-0.06526	0.00757	0.06475	0.99639	0.05491	-0.01113	-0.05430	0.99846	-121.1099	-008.5226	847.4461	0.99782	-0.04186	0.05111	0.04180	0.99912	0.00223	-0.05116	-0.00009	0.99869	-071.6547	-007.6502	847.4381	0.99955	0.00133	0.02997	-0.00225	0.99953	0.03062	-0.02991	-0.03067	0.99908	-020.7180	-009.6736	846.9794	0.99844	0.05248	-0.01899	-0.05294	0.99829	-0.02462	0.01766	0.02559	0.99952	027.5549	-015.9530	847.0721	0.99032	0.13881	-0.00161	-0.13863	0.98951	0.04067	0.00724	-0.04005	0.99917	077.2341	-026.4177	846.3798	0.97034	0.24169	0.00588	-0.24167	0.97035	-0.00361	-0.00658	0.00209	0.99998	122.4892	-041.1160	844.6572	0.94075	0.33741	-0.03392	-0.33910	0.93542	-0.09998	-0.00201	0.10556	0.99441	165.3259	-062.3760	844.2613	0.89206	0.44513	0.07805	-0.44982	0.89120	0.05847	-0.04353	-0.08727	0.99523	
3	-103.4036	051.5348	817.2982	0.91585	0.01210	-0.40134	-0.01546	0.99987	-0.00514	0.40123	0.01091	0.91591	-223.7933	-011.8062	849.1973	0.99993	0.01008	0.00583	-0.01006	0.99994	-0.00347	-0.00586	0.00341	0.99998	-171.6234	-010.5473	848.1497	0.99442	-0.06999	0.07897	0.06710	0.99699	0.03873	-0.08145	-0.03322	0.99612	-121.1099	-008.5246	847.4461	0.99781	-0.04186	0.05121	0.04180	0.99912	0.00229	-0.05127	-0.00014	0.99869	-071.6669	-007.6531	847.4247	0.99967	0.00182	0.02575	-0.00229	0.99983	0.01813	-0.02571	-0.01818	0.99950	-020.7180	-009.6736	846.9355	0.99843	0.05268	-0.01900	-0.05314	0.99828	-0.02462	0.01767	0.02559	0.99952	027.5549	-015.9417	847.2103	0.99021	0.13952	-0.00386	-0.13925	0.98943	0.04043	0.00946	-0.03949	0.99918	077.2182	-026.3976	846.3345	0.97065	0.24049	0.00129	-0.24044	0.97056	-0.01434	-0.00470	0.01361	0.99990	122.4892	-041.1160	844.6846	0.94102	0.33666	-0.03385	-0.33836	0.93569	-0.10000	-0.00199	0.10555	0.99441	165.3081	-062.3791	844.1392	0.89198	0.44321	0.08913	-0.45005	0.88922	0.08217	-0.04284	-0.11340	0.99263	
4	-103.4216	051.5340	817.2932	0.91566	0.01263	-0.40176	-0.01553	0.99987	-0.00395	0.40166	0.00986	0.91574	-223.8165	-011.8086	849.2120	0.99989	0.01011	0.01125	-0.01009	0.99995	-0.00121	-0.01126	0.00110	0.99994	-171.6399	-010.5793	848.1912	0.99046	-0.07428	0.11609	0.06242	0.99275	0.10271	-0.12288	-0.09449	0.98791	-121.4593	-008.5050	847.8972	0.99748	-0.04196	-0.05723	0.04478	0.99780	0.04880	0.05505	-0.05124	0.99717	-071.6760	-007.6522	847.4287	0.99966	0.00184	0.02595	-0.00240	0.99976	0.02158	-0.02590	-0.02163	0.99943	-020.7426	-009.6674	847.0924	0.99865	0.05109	-0.00964	-0.05118	0.99865	-0.00925	0.00915	0.00973	0.99991	027.5228	-015.9478	847.1011	0.99013	0.13988	-0.00904	-0.13964	0.98993	0.02324	0.01220	-0.02174	0.99969	077.1982	-026.3913	846.3634	0.97040	0.24074	0.01912	-0.24093	0.97050	0.00851	-0.01651	-0.01287	0.99978	122.4926	-041.1182	844.8258	0.94112	0.33774	-0.01506	-0.33788	0.93817	-0.07537	-0.01133	0.07602	0.99704	165.2787	-062.3879	845.0194	0.89177	0.44165	-0.09848	-0.45110	0.88480	-0.11676	0.03557	0.14855	0.98827	
5	-103.4371	051.5333	817.2842	0.91608	0.01272	-0.40081	-0.01556	0.99987	-0.00383	0.40070	0.00975	0.91616	-223.8408	-011.8103	849.2306	0.99989	0.01054	0.01044	-0.01058	0.99994	0.00307	-0.01041	-0.00318	0.99994	-171.6226	-010.5734	848.1181	0.99734	-0.06506	0.03274	0.06492	0.99788	0.00528	-0.03301	-0.00314	0.99945	-121.5242	-008.4898	848.1233	0.99326	-0.03905	-0.10910	0.04673	0.99654	0.06873	0.10604	-0.07337	0.99165	-071.6904	-007.6544	847.4559	0.99983	0.00195	0.01837	-0.00236	0.99975	0.02227	-0.01832	-0.02231	0.99958	-020.7426	-009.6674	847.0924	0.99865	0.05109	-0.00964	-0.05118	0.99865	-0.00925	0.00915	0.00973	0.99991	027.5228	-015.9478	847.1468	0.99013	0.13987	-0.00924	-0.13964	0.98996	0.02182	0.01220	-0.02032	0.99972	077.1841	-026.3920	846.4635	0.97049	0.23892	0.03275	-0.23996	0.97024	0.03255	-0.02400	-0.03945	0.99893	122.5462	-041.1272	846.6405	0.94106	0.32962	0.07588	-0.33602	0.93672	0.09819	-0.03872	-0.11791	0.99227	165.3207	-062.4140	845.7672	0.89097	0.45337	0.02493	-0.45281	0.89125	-0.02520	-0.03364	0.01116	0.99937	
6	-103.4584	051.5317	817.3021	0.91596	0.01321	-0.40105	-0.01547	0.99988	-0.00240	0.40097	0.00841	0.91605	-223.8610	-011.8102	849.2489	0.99990	0.01027	0.01009	-0.01030	0.99994	0.00288	-0.01006	-0.00299	0.99994	-171.6401	-010.5848	848.1769	0.99757	-0.06409	0.02722	0.06387	0.99792	0.00883	-0.02773	-0.00707	0.99959	-121.4863	-008.5252	847.6835	0.99727	-0.04768	0.05643	0.04121	0.99300	0.11068	-0.06131	-0.10805	0.99225	-071.6974	-007.6577	847.4686	0.99988	0.00210	0.01566	-0.00235	0.99987	0.01621	-0.01562	-0.01625	0.99975	-020.7989	-009.6498	847.5974	0.99880	0.04541	0.01808	-0.04605	0.99826	0.03694	-0.01637	-0.03773	0.99915	027.5176	-015.9521	847.1484	0.99007	0.14010	-0.01146	-0.13991	0.99004	0.01557	0.01353	-0.01382	0.99981	077.1157	-026.4144	847.0048	0.97066	0.23916	0.02483	-0.24016	0.96936	0.05161	-0.01173	-0.05606	0.99836	122.4523	-041.1351	845.9690	0.93959	0.34116	-0.02780	-0.34191	0.93162	-0.12324	-0.01615	0.12530	0.99199	165.2992	-062.3925	846.0241	0.89324	0.44354	0.07341	-0.44769	0.89250	0.05493	-0.04115	-0.08193	0.99579	
7	-103.4737	051.5311	817.2925	0.91598	0.01276	-0.40101	-0.01536	0.99988	-0.00328	0.40092	0.00916	0.91607	-223.8840	-011.8083	849.2572	0.99988	0.01024	0.01149	-0.01026	0.99995	0.00150	-0.01147	-0.00162	0.99993	-171.6523	-010.5889	848.1825	0.99764	-0.06344	0.02615	0.06331	0.99798	0.00585	-0.02647	-0.00418	0.99964	-121.4822	-008.5245	847.6725	0.99758	-0.04454	0.05345	0.04077	0.99674	0.06957	-0.05637	-0.06722	0.99614	-071.7096	-007.6609	847.4926	0.99997	0.00195	0.00717	-0.00204	0.99990	0.01387	-0.00714	-0.01388	0.99988	-020.8026	-009.6414	847.7880	0.99870	0.04322	0.02713	-0.04460	0.99763	0.05235	-0.02480	-0.05349	0.99826	027.5123	-015.9565	847.1499	0.99001	0.14031	-0.01368	-0.14019	0.99008	0.00933	0.01485	-0.00732	0.99986	077.1160	-026.4399	846.7902	0.96991	0.24159	-0.03019	-0.24347	0.96144	-0.12792	-0.00188	0.13142	0.99132	122.4520	-041.1225	845.8923	0.94135	0.33502	-0.04024	-0.33724	0.93812	-0.07877	0.01135	0.08772	0.99608	165.2637	-062.3984	845.3423	0.89230	0.44725	-0.06146	-0.45134	0.88674	-0.09989	0.00982	0.11687	0.99310	
8	-103.4937	051.5302	817.3104	0.91597	0.01328	-0.40102	-0.01549	0.99988	-0.00226	0.40094	0.00828	0.91607	-223.8840	-011.8083	849.2532	0.99988	0.01032	0.01148	-0.01033	0.99995	0.00150	-0.01147	-0.00162	0.99993	-171.6523	-010.5889	848.1825	0.99764	-0.06344	0.02615	0.06331	0.99798	0.00585	-0.02647	-0.00418	0.99964	-121.4822	-008.5245	847.6725	0.99758	-0.04454	0.05345	0.04077	0.99674	0.06957	-0.05637	-0.06722	0.99614	-071.7230	-007.6617	847.5203	0.99996	0.00159	0.00909	-0.00173	0.99987	0.01614	-0.00907	-0.01615	0.99983	-020.8580	-009.6751	847.6130	0.99884	0.04807	-0.00318	-0.04807	0.99884	-0.00009	0.00318	0.00024	0.99999	027.5070	-015.9609	847.1514	0.98995	0.14050	-0.01590	-0.14047	0.99008	0.00308	0.01617	-0.00082	0.99987	077.0924	-026.4170	846.7666	0.97023	0.24206	-0.00748	-0.24216	0.96924	-0.04403	-0.00340	0.04453	0.99900	122.4956	-041.1314	846.4821	0.93573	0.32159	0.14491	-0.34037	0.93101	0.13176	-0.09254	-0.17261	0.98063	165.2607	-062.3984	845.3423	0.89232	0.44899	-0.04665	-0.45136	0.88586	-0.10738	-0.00689	0.11688	0.99312	
9	-103.5075	051.5298	817.2981	0.91582	0.01207	-0.40141	-0.01551	0.99987	-0.00533	0.40129	0.01111	0.91588	-224.0273	-011.7930	848.4483	0.99901	0.00232	0.04438	-0.00107	0.99960	-0.02818	-0.04443	0.02811	0.99862	-171.6635	-010.5908	848.1715	0.99778	-0.06226	0.02378	0.06225	0.99806	0.00117	-0.02380	0.00032	0.99972	-121.4856	-008.5212	847.6799	0.99769	-0.04332	0.05239	0.04048	0.99772	0.05399	-0.05461	-0.05174	0.99717	-071.7365	-007.6646	847.5357	0.99998	0.00151	0.00581	-0.00159	0.99989	0.01469	-0.00578	-0.01469	0.99988	-020.8580	-009.6751	847.6130	0.99883	0.04835	-0.00318	-0.04835	0.99883	-0.00009	0.00318	0.00024	0.99999	027.5018	-015.9653	847.1529	0.98989	0.14068	-0.01812	-0.14076	0.99004	-0.00316	0.01749	0.00568	0.99983	077.0706	-026.4154	846.7281	0.97085	0.23943	-0.01154	-0.23970	0.96947	-0.05173	-0.00120	0.05299	0.99859	122.4153	-041.1655	845.6235	0.93879	0.33886	-0.06200	-0.34329	0.93524	-0.08654	0.02866	0.10253	0.99432	165.2505	-062.3914	845.1462	0.89069	0.44304	-0.10193	-0.45408	0.87787	-0.15218	0.02206	0.18182	0.98308	
10	-103.5324	051.5299	817.3274	0.91598	0.01379	-0.40098	-0.01539	0.99988	-0.00075	0.40092	0.00686	0.91609	-224.1356	-011.7765	849.1819	0.99997	0.00788	-0.00162	-0.00787	0.99994	0.00775	0.00168	-0.00774	0.99997	-171.6768	-010.5904	848.1595	0.99736	-0.06249	0.03691	0.06219	0.99802	0.00919	-0.03742	-0.00687	0.99928	-121.4885	-008.5181	847.6875	0.99779	-0.04212	0.05131	0.04017	0.99846	0.03839	-0.05284	-0.03624	0.99794	-071.7499	-007.6663	847.5435	0.99995	0.00202	0.00999	-0.00223	0.99977	0.02143	-0.00995	-0.02145	0.99972	-020.8681	-009.6809	847.6474	0.99883	0.04817	-0.00386	-0.04817	0.99884	-0.00135	0.00379	0.00153	0.99999	0 	 0	0	0 	 0	0	0 	 0	0	0 	 0	0	077.0507	-026.4113	846.6984	0.97065	0.23976	-0.01868	-0.24042	0.96932	-0.05118	0.00584	0.05417	0.99851	122.3749	-041.1366	845.4423	0.94095	0.33627	-0.03921	-0.33852	0.93610	-0.09554	0.00458	0.10317	0.99465	165.2445	-062.3736	844.9502	0.88832	0.43563	-0.14534	-0.45767	0.86586	-0.20204	0.03783	0.24599	0.96853	
11	-094.2832	053.8705	851.3213	0.92710	0.01244	-0.37461	-0.01580	0.99986	-0.00590	0.37448	0.01139	0.92716	-213.7136	-009.2594	887.0752	0.99897	0.01106	0.04406	-0.01155	0.99987	0.01081	-0.04394	-0.01131	0.99897	-163.3768	-014.7674	884.7248	0.98940	0.10986	0.09494	-0.11619	0.99117	0.06386	-0.08709	-0.07422	0.99343	-115.8349	-025.7566	882.4611	0.96052	0.25930	0.10081	-0.26122	0.96526	0.00602	-0.09575	-0.03212	0.99489	-070.3065	-042.8313	880.7057	0.91893	0.39146	0.04823	-0.39241	0.91971	0.01180	-0.03974	-0.02977	0.99877	-025.7844	-066.4193	878.6602	0.87127	0.48902	0.04177	-0.48816	0.87225	-0.02958	-0.05090	0.00538	0.99869	013.9040	-094.0811	876.7549	0.81173	0.57873	0.07856	-0.58286	0.81126	0.04618	-0.03701	-0.08328	0.99584	053.4717	-126.2219	875.1862	0.76412	0.64172	0.06571	-0.64321	0.76569	0.00196	-0.04906	-0.04376	0.99784	088.5503	-159.0215	871.5700	0.71919	0.69476	-0.00873	-0.69356	0.71708	-0.06911	-0.04176	0.05575	0.99757	121.2231	-194.9039	870.1070	0.68979	0.71570	0.10933	-0.72231	0.69062	0.03624	-0.04957	-0.10396	0.99334	
12	-094.2840	053.8713	851.3240	0.92739	0.01318	-0.37388	-0.01580	0.99987	-0.00394	0.37377	0.00956	0.92747	-213.7156	-009.2595	887.0760	0.99915	0.01160	0.03948	-0.01187	0.99991	0.00674	-0.03940	-0.00721	0.99920	-163.3723	-014.7674	884.7017	0.98943	0.10971	0.09482	-0.11602	0.99119	0.06390	-0.08698	-0.07422	0.99344	-115.8359	-025.7593	882.4644	0.96066	0.25802	0.10276	-0.26091	0.96524	0.01549	-0.09519	-0.04169	0.99459	-070.3055	-042.8323	880.6860	0.91891	0.39195	0.04448	-0.39257	0.91970	0.00584	-0.03862	-0.02283	0.99899	-025.7844	-066.4193	878.6602	0.87127	0.48902	0.04177	-0.48816	0.87225	-0.02958	-0.05090	0.00538	0.99869	013.9019	-094.0795	876.7143	0.81212	0.57871	0.07450	-0.58262	0.81123	0.04950	-0.03179	-0.08361	0.99599	053.4732	-126.2622	875.3395	0.76626	0.63758	0.07962	-0.64017	0.76817	0.00955	-0.05507	-0.05828	0.99678	088.5619	-159.0579	871.7827	0.71648	0.68861	0.11167	-0.69387	0.71999	0.01215	-0.07203	-0.08619	0.99367	121.2746	-194.9318	870.3710	0.68891	0.72457	0.01994	-0.72379	0.68913	-0.03494	-0.03906	0.00964	0.99919	
13	-094.2852	053.8717	851.3195	0.92745	0.01340	-0.37370	-0.01582	0.99987	-0.00341	0.37360	0.00907	0.92755	-213.7162	-009.2584	887.0639	0.99882	0.01113	0.04722	-0.01177	0.99984	0.01335	-0.04706	-0.01389	0.99880	-163.3720	-014.7659	884.7166	0.99027	0.10946	0.08597	-0.11450	0.99184	0.05612	-0.07913	-0.06542	0.99472	-115.8369	-025.7632	882.4781	0.95999	0.25689	0.11148	-0.26055	0.96526	0.01944	-0.10262	-0.04771	0.99358	-070.3055	-042.8323	880.6958	0.91892	0.39192	0.04448	-0.39254	0.91972	0.00584	-0.03862	-0.02283	0.99899	-025.7950	-066.4182	878.5951	0.87154	0.48825	0.04517	-0.48708	0.87267	-0.03476	-0.05639	0.00829	0.99837	013.8999	-094.0792	876.6895	0.81182	0.57925	0.07364	-0.58305	0.81099	0.04839	-0.03169	-0.08222	0.99611	053.4764	-126.3017	875.4932	0.76830	0.63323	0.09347	-0.63716	0.77054	0.01719	-0.06114	-0.07276	0.99547	088.5626	-159.0664	871.9926	0.71801	0.69416	0.05097	-0.69330	0.71976	-0.03591	-0.06161	-0.00955	0.99805	121.2746	-194.9318	870.3710	0.68891	0.72457	0.01994	-0.72379	0.68913	-0.03494	-0.03906	0.00964	0.99919	
14	-094.2865	053.8705	851.3304	0.92723	0.01287	-0.37428	-0.01574	0.99987	-0.00461	0.37417	0.01017	0.92730	-213.7170	-009.2591	887.0628	0.99881	0.01115	0.04755	-0.01181	0.99984	0.01378	-0.04739	-0.01433	0.99877	-163.3675	-014.7653	884.7160	0.99057	0.10964	0.08219	-0.11468	0.99163	0.05936	-0.07499	-0.06823	0.99485	-115.8369	-025.7632	882.4781	0.95999	0.25688	0.11150	-0.26055	0.96526	0.01946	-0.10263	-0.04773	0.99357	-070.3046	-042.8332	880.6786	0.91899	0.39196	0.04267	-0.39245	0.91977	0.00342	-0.03791	-0.01989	0.99908	-025.7950	-066.4182	878.5951	0.87154	0.48825	0.04517	-0.48708	0.87267	-0.03476	-0.05639	0.00829	0.99837	013.8990	-094.0805	876.7075	0.81199	0.57938	0.07064	-0.58297	0.81098	0.04958	-0.02856	-0.08144	0.99627	053.4813	-126.3404	875.6473	0.77025	0.62866	0.10728	-0.63419	0.77278	0.02488	-0.06726	-0.08720	0.99392	088.6457	-159.0908	872.9789	0.71665	0.65891	0.22858	-0.69076	0.71582	0.10223	-0.09626	-0.23116	0.96814	121.2790	-194.9393	870.3446	0.68854	0.72520	-0.00251	-0.72428	0.68749	-0.05266	-0.03647	0.03808	0.99861	
15	-094.2828	053.8696	851.3138	0.92754	0.01276	-0.37351	-0.01581	0.99986	-0.00511	0.37340	0.01065	0.92761	-213.7242	-009.2607	887.0979	0.99899	0.01123	0.04359	-0.01173	0.99987	0.01120	-0.04346	-0.01170	0.99899	-163.3676	-014.7692	884.7426	0.99047	0.10998	0.08290	-0.11499	0.99165	0.05830	-0.07579	-0.06728	0.99485	-115.8368	-025.7641	882.4833	0.95965	0.25687	0.11444	-0.26054	0.96529	0.01807	-0.10583	-0.04716	0.99327	-070.3048	-042.8432	880.6790	0.91974	0.38983	0.04594	-0.39124	0.91989	0.02696	-0.03175	-0.04277	0.99858	-025.7901	-066.4178	878.6311	0.87236	0.48672	0.04569	-0.48608	0.87356	-0.02482	-0.05200	-0.00055	0.99865	013.9030	-094.0817	876.7387	0.81172	0.57894	0.07703	-0.58301	0.81106	0.04787	-0.03476	-0.08376	0.99588	0 	 0	0	0 	 0	0	0 	 0	0	0 	 0	0	088.6487	-159.1176	872.6049	0.71587	0.69501	-0.06702	-0.69812	0.71071	-0.08676	-0.01267	0.10890	0.99397	121.2821	-194.9474	870.3183	0.68811	0.72518	-0.02497	-0.72482	0.68534	-0.07033	-0.03389	0.06649	0.99721	
16	-094.2807	053.8688	851.3097	0.92719	0.01229	-0.37439	-0.01584	0.99985	-0.00641	0.37426	0.01187	0.92725	-213.7206	-009.2607	887.0979	0.99899	0.01126	0.04359	-0.01175	0.99987	0.01095	-0.04346	-0.01145	0.99899	-163.3623	-014.7648	884.7068	0.99028	0.10939	0.08586	-0.11418	0.99204	0.05301	-0.07938	-0.06230	0.99490	-115.8371	-025.7681	882.5111	0.95956	0.25608	0.11691	-0.26041	0.96522	0.02310	-0.10693	-0.05261	0.99287	-070.3093	-042.8191	881.2895	0.91719	0.39579	-0.04597	-0.38840	0.86236	-0.32477	-0.08890	0.31573	0.94467	-025.7901	-066.4178	878.6311	0.87238	0.48668	0.04569	-0.48605	0.87358	-0.02482	-0.05200	-0.00055	0.99865	013.9005	-094.0817	876.7387	0.81179	0.57886	0.07696	-0.58292	0.81111	0.04792	-0.03468	-0.08376	0.99588	053.4736	-126.2744	875.2908	0.75497	0.63766	0.15304	-0.65040	0.75790	0.05063	-0.08370	-0.13777	0.98692	088.6524	-159.1045	872.6596	0.71714	0.69688	0.00764	-0.69558	0.71639	-0.05429	-0.04330	0.03362	0.99850	121.3373	-194.9430	870.9494	0.68987	0.71209	0.13043	-0.72211	0.68965	0.05418	-0.05138	-0.13156	0.98998	
17	-094.2801	053.8685	851.3033	0.92727	0.01247	-0.37419	-0.01571	0.99986	-0.00561	0.37406	0.01108	0.92734	-213.7186	-009.2606	887.0541	0.99910	0.01127	0.04085	-0.01155	0.99991	0.00647	-0.04077	-0.00694	0.99914	-163.3646	-014.7648	884.7068	0.99028	0.10939	0.08587	-0.11418	0.99204	0.05301	-0.07939	-0.06230	0.99490	-115.8328	-025.7677	882.4733	0.96075	0.25837	0.10098	-0.26031	0.96550	0.00628	-0.09588	-0.03232	0.99487	-070.2998	-042.8430	880.6903	0.91642	0.39199	0.08069	-0.39761	0.91472	0.07202	-0.04558	-0.09808	0.99413	-025.7864	-066.4144	878.6034	0.87258	0.48651	0.04377	-0.48509	0.87357	-0.03941	-0.05741	0.01316	0.99826	013.9009	-094.0818	876.7390	0.81195	0.57973	0.06822	-0.58293	0.81140	0.04263	-0.03064	-0.07438	0.99676	053.4696	-126.2446	875.0452	0.75990	0.64808	0.05048	-0.64720	0.76154	-0.03443	-0.06075	-0.00651	0.99813	088.6579	-159.1012	872.7040	0.71826	0.69466	0.03942	-0.69454	0.71921	-0.01873	-0.04137	-0.01393	0.99905	121.3022	-194.9750	871.1009	0.68529	0.72245	-0.09189	-0.72816	0.68192	-0.06903	0.01279	0.11422	0.99337	
18	-094.2837	053.8684	851.3152	0.92701	0.01189	-0.37486	-0.01582	0.99985	-0.00740	0.37471	0.01279	0.92705	-213.7175	-009.2588	887.0126	0.99894	0.01087	0.04478	-0.01120	0.99991	0.00708	-0.04470	-0.00758	0.99897	-163.3633	-014.7598	884.7069	0.99017	0.10905	0.08762	-0.11374	0.99223	0.05041	-0.08144	-0.05988	0.99488	-115.8351	-025.7677	882.4936	0.96075	0.25837	0.10098	-0.26031	0.96551	0.00627	-0.09588	-0.03231	0.99487	-070.3383	-042.8459	880.6194	0.92074	0.38887	0.03193	-0.38194	0.91500	-0.12996	-0.07975	0.10746	0.99101	-025.7864	-066.4144	878.6034	0.87258	0.48651	0.04377	-0.48509	0.87357	-0.03941	-0.05741	0.01316	0.99826	013.9014	-094.0849	876.7621	0.81174	0.57986	0.06949	-0.58320	0.81113	0.04409	-0.03080	-0.07631	0.99661	053.4537	-126.2377	874.9476	0.75817	0.64574	0.09061	-0.64960	0.76004	0.01894	-0.05663	-0.07322	0.99571	088.6500	-159.0970	872.6113	0.71689	0.69676	0.02428	-0.69603	0.71727	-0.03268	-0.04019	0.00653	0.99917	121.3022	-194.9779	871.1009	0.68509	0.72264	-0.09191	-0.72835	0.68172	-0.06901	0.01279	0.11422	0.99337	
19	-094.2864	053.8683	851.3336	0.92714	0.01265	-0.37451	-0.01587	0.99986	-0.00551	0.37438	0.01105	0.92721	-213.8074	-009.2572	888.0169	0.99652	0.00775	0.08299	-0.01474	0.99636	0.08398	-0.08204	-0.08491	0.99301	-163.3604	-014.7577	884.6895	0.99027	0.10893	0.08661	-0.11340	0.99236	0.04849	-0.08066	-0.05784	0.99506	-115.8280	-025.7629	882.4733	0.96137	0.25957	0.09165	-0.26028	0.96552	-0.00434	-0.08961	-0.01968	0.99578	-070.3081	-042.8469	880.6910	0.91907	0.39172	0.04332	-0.38978	0.91971	-0.04696	-0.05824	0.02628	0.99796	-025.7862	-066.4127	878.5907	0.87251	0.48672	0.04283	-0.48495	0.87335	-0.04561	-0.05960	0.01903	0.99804	013.9018	-094.0891	876.7419	0.81178	0.57934	0.07339	-0.58287	0.81153	0.04105	-0.03578	-0.07610	0.99646	053.4324	-126.2317	874.8708	0.75866	0.64181	0.11187	-0.64833	0.76066	0.03276	-0.06406	-0.09738	0.99318	088.6413	-159.0963	872.5341	0.71733	0.69604	0.03092	-0.69548	0.71800	-0.02793	-0.04164	-0.00147	0.99913	121.2984	-194.9629	870.8959	0.68794	0.72387	0.05244	-0.72565	0.68731	0.03221	-0.01273	-0.06022	0.99810	
20	-094.2872	053.8676	851.3197	0.92745	0.01265	-0.37374	-0.01592	0.99986	-0.00567	0.37361	0.01121	0.92752	-213.7793	-009.2528	887.7160	0.99965	0.01299	0.02319	-0.01286	0.99990	-0.00554	-0.02326	0.00524	0.99972	-163.3599	-014.7555	884.6843	0.99027	0.10890	0.08665	-0.11341	0.99235	0.04886	-0.08067	-0.05821	0.99504	-115.6810	-025.6499	881.9426	0.94644	0.22895	-0.22768	-0.29830	0.88987	-0.34519	0.12357	0.39462	0.91050	-070.3188	-042.8427	880.6258	0.91808	0.38724	0.08466	-0.38946	0.92098	0.01075	-0.07381	-0.04285	0.99635	-025.7887	-066.4098	878.5434	0.87250	0.48725	0.03637	-0.48535	0.87286	-0.05048	-0.05634	0.02639	0.99806	013.9013	-094.0900	876.7291	0.81190	0.57939	0.07162	-0.58291	0.81131	0.04467	-0.03223	-0.07801	0.99643	053.3975	-126.0850	873.8800	0.75098	0.65200	-0.10453	-0.65896	0.72978	-0.18219	-0.04250	0.20570	0.97769	088.6346	-159.0977	872.4874	0.71738	0.69473	0.05209	-0.69516	0.71875	-0.01231	-0.04600	-0.02738	0.99857	121.2984	-194.9629	870.9623	0.68807	0.72356	0.05493	-0.72550	0.68749	0.03176	-0.01478	-0.06171	0.99798	
