"#"	"COOLCARD X"	"COOLCARD Y"	"COOLCARD Z"	"COOLCARD R11"	"COOLCARD R12"	"COOLCARD R13"	"COOLCARD R21"	"COOLCARD R22"	"COOLCARD R23"	"COOLCARD R31"	"COOLCARD R32"	"COOLCARD R33"	"TR_0(1) X"	"TR_0(1) Y"	"TR_0(1) Z"	"TR_0(1) R11"	"TR_0(1) R12"	"TR_0(1) R13"	"TR_0(1) R21"	"TR_0(1) R22"	"TR_0(1) R23"	"TR_0(1) R31"	"TR_0(1) R32"	"TR_0(1) R33"	"TR_1 X"	"TR_1 Y"	"TR_1 Z"	"TR_1 R11"	"TR_1 R12"	"TR_1 R13"	"TR_1 R21"	"TR_1 R22"	"TR_1 R23"	"TR_1 R31"	"TR_1 R32"	"TR_1 R33"	"TR_2 X"	"TR_2 Y"	"TR_2 Z"	"TR_2 R11"	"TR_2 R12"	"TR_2 R13"	"TR_2 R21"	"TR_2 R22"	"TR_2 R23"	"TR_2 R31"	"TR_2 R32"	"TR_2 R33"	"TR_3 X"	"TR_3 Y"	"TR_3 Z"	"TR_3 R11"	"TR_3 R12"	"TR_3 R13"	"TR_3 R21"	"TR_3 R22"	"TR_3 R23"	"TR_3 R31"	"TR_3 R32"	"TR_3 R33"	"TR_4 X"	"TR_4 Y"	"TR_4 Z"	"TR_4 R11"	"TR_4 R12"	"TR_4 R13"	"TR_4 R21"	"TR_4 R22"	"TR_4 R23"	"TR_4 R31"	"TR_4 R32"	"TR_4 R33"	"TR_5 X"	"TR_5 Y"	"TR_5 Z"	"TR_5 R11"	"TR_5 R12"	"TR_5 R13"	"TR_5 R21"	"TR_5 R22"	"TR_5 R23"	"TR_5 R31"	"TR_5 R32"	"TR_5 R33"	"TR_6 X"	"TR_6 Y"	"TR_6 Z"	"TR_6 R11"	"TR_6 R12"	"TR_6 R13"	"TR_6 R21"	"TR_6 R22"	"TR_6 R23"	"TR_6 R31"	"TR_6 R32"	"TR_6 R33"	"TR_7 X"	"TR_7 Y"	"TR_7 Z"	"TR_7 R11"	"TR_7 R12"	"TR_7 R13"	"TR_7 R21"	"TR_7 R22"	"TR_7 R23"	"TR_7 R31"	"TR_7 R32"	"TR_7 R33"	"TR_8 X"	"TR_8 Y"	"TR_8 Z"	"TR_8 R11"	"TR_8 R12"	"TR_8 R13"	"TR_8 R21"	"TR_8 R22"	"TR_8 R23"	"TR_8 R31"	"TR_8 R32"	"TR_8 R33"	
1	-087.5938	055.2883	807.9305	0.97159	0.00864	-0.23652	-0.01031	0.99993	-0.00582	0.23646	0.00810	0.97161	-196.7203	-008.2376	865.0363	0.99715	0.00645	0.07516	-0.01156	0.99764	0.06772	-0.07454	-0.06840	0.99487	-146.1453	-013.3919	863.0027	0.98446	0.13253	0.11522	-0.11711	0.98435	-0.13165	-0.13086	0.11612	0.98458	-098.7847	-024.4007	863.7879	0.96405	0.26289	0.03862	-0.26321	0.96473	0.00342	-0.03636	-0.01346	0.99925	-054.2202	-042.7400	863.5099	0.90225	0.43119	-0.00476	-0.43122	0.90216	-0.01285	-0.00125	0.01364	0.99991	-012.5578	-070.0380	862.9422	0.81312	0.57287	0.10324	-0.57977	0.81286	0.05581	-0.05195	-0.10523	0.99309	021.3692	-103.4820	863.1372	0.68581	0.72371	0.07688	-0.72755	0.68441	0.04742	-0.01830	-0.08846	0.99591	049.8983	-144.1465	862.7286	0.53000	0.84796	-0.00834	-0.84799	0.52995	-0.00745	-0.00190	0.01102	0.99994	069.3576	-186.8351	861.9443	0.37206	0.92784	-0.02615	-0.92760	0.37065	-0.04660	-0.03355	0.04159	0.99857	079.9101	-232.6517	860.8535	0.19247	0.98060	-0.03706	-0.98089	0.19115	-0.03636	-0.02858	0.04335	0.99865	
2	-087.5940	055.2885	807.9266	0.97148	0.00842	-0.23697	-0.01027	0.99993	-0.00655	0.23690	0.00880	0.97149	-196.7197	-008.2580	865.0725	0.99876	0.00840	0.04899	-0.01054	0.99900	0.04349	-0.04857	-0.04396	0.99785	-146.1338	-013.3744	862.8677	0.98787	0.12619	0.09048	-0.11362	0.98462	-0.13272	-0.10584	0.12083	0.98701	-098.7852	-024.4012	863.7903	0.96393	0.26313	0.03998	-0.26364	0.96459	0.00796	-0.03647	-0.01821	0.99917	-054.2199	-042.7396	863.5364	0.90201	0.43155	-0.01202	-0.43167	0.90196	-0.01089	0.00614	0.01501	0.99987	-012.5605	-070.0415	862.9701	0.81194	0.57028	0.12463	-0.58055	0.81118	0.07036	-0.06097	-0.12948	0.98971	021.3683	-103.4800	863.1372	0.68581	0.72371	0.07688	-0.72755	0.68441	0.04742	-0.01830	-0.08845	0.99591	049.8981	-144.1470	862.7215	0.52965	0.84815	-0.01021	-0.84821	0.52960	-0.00766	-0.00109	0.01272	0.99992	069.3576	-186.8351	861.9370	0.37212	0.92782	-0.02614	-0.92758	0.37071	-0.04660	-0.03355	0.04159	0.99857	079.9022	-232.6440	860.9228	0.19201	0.98063	-0.03862	-0.98091	0.19054	-0.03877	-0.03066	0.04533	0.99850	
3	-087.5932	055.2892	807.9143	0.97140	0.00817	-0.23730	-0.01018	0.99992	-0.00724	0.23722	0.00945	0.97141	-196.7524	-008.2925	865.2255	0.99848	0.00923	0.05425	-0.01150	0.99906	0.04171	-0.05382	-0.04227	0.99766	-146.1207	-013.3568	862.7338	0.99119	0.11884	0.05852	-0.11024	0.98496	-0.13303	-0.07345	0.12541	0.98938	-098.7850	-024.4018	863.7877	0.96380	0.26330	0.04189	-0.26379	0.96456	0.00643	-0.03872	-0.01725	0.99910	-054.2194	-042.7400	863.5569	0.90168	0.43228	-0.01012	-0.43236	0.90167	-0.00728	0.00598	0.01094	0.99992	-012.5461	-070.0411	862.9589	0.81516	0.57542	0.06642	-0.57802	0.81551	0.02890	-0.03754	-0.06195	0.99737	021.3678	-103.4807	863.1260	0.68560	0.72417	0.07437	-0.72777	0.68425	0.04642	-0.01727	-0.08595	0.99615	049.8957	-144.1502	862.7369	0.52973	0.84811	-0.00950	-0.84816	0.52967	-0.00791	-0.00168	0.01225	0.99992	069.1842	-186.8347	861.0044	0.36525	0.92973	-0.04683	-0.92779	0.35945	-0.10003	-0.07617	0.07999	0.99388	079.9022	-232.6440	860.9228	0.19201	0.98063	-0.03862	-0.98091	0.19054	-0.03877	-0.03066	0.04533	0.99850	
4	-087.5922	055.2895	807.9081	0.97150	0.00832	-0.23690	-0.01009	0.99993	-0.00626	0.23683	0.00847	0.97152	-196.7327	-008.2956	865.1515	0.99915	0.01017	0.04002	-0.01098	0.99974	0.02010	-0.03981	-0.02052	0.99900	-146.1059	-013.3390	862.6012	0.99343	0.11132	0.02648	-0.10685	0.98528	-0.13343	-0.04095	0.12973	0.99070	-098.7850	-024.4018	863.7877	0.96380	0.26332	0.04189	-0.26381	0.96455	0.00643	-0.03872	-0.01725	0.99910	-054.2189	-042.7414	863.5717	0.90179	0.43199	-0.01261	-0.43213	0.90174	-0.01181	0.00627	0.01610	0.99985	-012.5350	-070.0630	863.0616	0.81547	0.57711	0.04418	-0.57793	0.81605	0.00773	-0.03159	-0.03184	0.99899	021.3679	-103.4816	863.1360	0.68543	0.72388	0.07861	-0.72795	0.68370	0.05146	-0.01650	-0.09249	0.99558	049.8979	-144.1562	862.7735	0.53026	0.84783	0.00018	-0.84782	0.53026	-0.00511	-0.00443	0.00255	0.99999	069.1006	-186.8334	860.6418	0.36199	0.93063	-0.05375	-0.92703	0.35334	-0.12554	-0.09784	0.09527	0.99063	079.8994	-232.6412	860.9364	0.19180	0.98040	-0.04511	-0.98090	0.18998	-0.04178	-0.03239	0.05226	0.99811	
5	-087.5915	055.2885	807.8873	0.97143	0.00790	-0.23719	-0.01006	0.99992	-0.00787	0.23711	0.01003	0.97143	-196.7386	-008.2996	865.1962	0.99895	0.00982	0.04470	-0.01105	0.99956	0.02750	-0.04441	-0.02796	0.99862	-146.0896	-013.3210	862.4699	0.99460	0.10366	-0.00559	-0.10347	0.98557	-0.13394	-0.00838	0.13379	0.99097	-098.7845	-024.4020	863.7832	0.96398	0.26337	0.03707	-0.26364	0.96462	0.00239	-0.03513	-0.01207	0.99931	-054.2182	-042.7421	863.5896	0.90184	0.43189	-0.01230	-0.43198	0.90186	-0.00577	0.00861	0.01052	0.99991	-012.5350	-070.0630	863.0616	0.81547	0.57711	0.04418	-0.57793	0.81605	0.00773	-0.03159	-0.03184	0.99899	021.3717	-103.4814	863.1421	0.68555	0.72297	0.08567	-0.72783	0.68336	0.05735	-0.01708	-0.10167	0.99467	049.9002	-144.1595	862.7761	0.53003	0.84797	0.00317	-0.84797	0.53004	-0.00296	-0.00419	-0.00111	0.99999	069.0170	-186.8358	860.6997	0.35885	0.93142	-0.06074	-0.92571	0.34681	-0.15092	-0.11950	0.11039	0.98668	079.8960	-232.6386	860.9497	0.19160	0.98011	-0.05160	-0.98088	0.18940	-0.04478	-0.03412	0.05919	0.99766	
6	-087.5911	055.2908	807.8824	0.97132	0.00798	-0.23764	-0.01003	0.99992	-0.00740	0.23757	0.00957	0.97132	-196.6727	-008.4507	864.3753	0.99872	0.01554	0.04805	-0.01571	0.99987	0.00319	-0.04799	-0.00394	0.99884	-146.1243	-013.1873	864.6096	0.99466	0.10307	-0.00439	-0.10229	0.99086	0.08790	0.01341	-0.08698	0.99612	-098.7832	-024.4017	863.7818	0.96380	0.26234	0.04762	-0.26341	0.96452	0.01777	-0.04127	-0.02968	0.99871	-054.2171	-042.7423	863.5875	0.90180	0.43207	-0.00851	-0.43212	0.90180	-0.00499	0.00552	0.00818	0.99995	-012.5331	-070.0753	863.1151	0.81536	0.57758	0.03978	-0.57810	0.81597	0.00181	-0.03141	-0.02447	0.99921	021.3713	-103.4817	863.1478	0.68566	0.72398	0.07567	-0.72778	0.68389	0.05127	-0.01463	-0.09022	0.99581	049.9002	-144.1595	862.7761	0.53003	0.84797	0.00317	-0.84797	0.53004	-0.00296	-0.00419	-0.00111	0.99999	069.4846	-186.8183	862.6952	0.37611	0.92574	0.03919	-0.92602	0.37701	-0.01857	-0.03196	-0.02931	0.99906	079.8977	-232.6438	861.0719	0.19182	0.97824	-0.07904	-0.98108	0.18897	-0.04218	-0.02633	0.08563	0.99598	
7	-087.5909	055.2923	807.8824	0.97136	0.00799	-0.23748	-0.01001	0.99992	-0.00728	0.23741	0.00945	0.97136	-196.6219	-008.5780	863.6503	0.99837	0.02118	0.05298	-0.02025	0.99963	-0.01810	-0.05334	0.01700	0.99843	-146.1243	-013.1873	864.6096	0.99466	0.10307	-0.00439	-0.10229	0.99086	0.08790	0.01341	-0.08698	0.99612	-098.7826	-024.4011	863.7967	0.96348	0.26140	0.05809	-0.26330	0.96431	0.02778	-0.04875	-0.04206	0.99793	-054.2165	-042.7435	863.5894	0.90180	0.43205	-0.00948	-0.43212	0.90180	-0.00604	0.00593	0.00955	0.99994	-012.5030	-070.1838	863.5875	0.81485	0.57905	-0.02694	-0.57937	0.81205	-0.07000	-0.01866	0.07265	0.99718	021.3722	-103.4818	863.1552	0.68559	0.72434	0.07284	-0.72789	0.68368	0.05246	-0.01180	-0.08898	0.99596	049.9003	-144.1587	862.7661	0.52980	0.84812	0.00250	-0.84811	0.52981	-0.00245	-0.00340	-0.00082	0.99999	069.3842	-186.8412	862.2870	0.37151	0.92843	0.00056	-0.92735	0.37111	-0.04797	-0.04474	0.01730	0.99885	079.8821	-232.6324	861.0750	0.19273	0.97788	-0.08127	-0.98107	0.19044	-0.03513	-0.01888	0.08650	0.99607	
8	-087.5912	055.2921	807.8841	0.97150	0.00825	-0.23690	-0.01005	0.99993	-0.00642	0.23683	0.00862	0.97151	-196.7070	-008.1575	865.3909	0.99979	0.00632	0.01955	-0.00645	0.99996	0.00657	-0.01951	-0.00669	0.99979	-146.1490	-013.2126	864.3920	0.99526	0.09237	0.03043	-0.09354	0.99483	0.03954	-0.02662	-0.04220	0.99875	-098.7827	-024.4011	863.7967	0.96348	0.26140	0.05809	-0.26330	0.96431	0.02778	-0.04875	-0.04206	0.99793	-054.2166	-042.7435	863.5894	0.90182	0.43200	-0.00926	-0.43207	0.90182	-0.00615	0.00570	0.00955	0.99994	-012.5004	-070.2266	863.7468	0.81441	0.57890	-0.04021	-0.58001	0.80988	-0.08764	-0.01817	0.09470	0.99534	021.3707	-103.4827	863.1444	0.68539	0.72443	0.07379	-0.72804	0.68368	0.05041	-0.01393	-0.08827	0.99600	049.9004	-144.1579	862.7561	0.52957	0.84826	0.00183	-0.84826	0.52958	-0.00194	-0.00262	-0.00053	1.00000	069.3731	-186.8328	862.0686	0.37377	0.92751	-0.00498	-0.92665	0.37319	-0.04534	-0.04020	0.02157	0.99896	079.8932	-232.5381	860.5064	0.18378	0.88840	-0.42068	-0.98296	0.16718	-0.07636	0.00249	0.42755	0.90399	
9	-087.5916	055.2928	807.8855	0.97139	0.00815	-0.23736	-0.01009	0.99992	-0.00697	0.23728	0.00917	0.97140	-196.6750	-008.3077	865.3909	0.99979	0.00632	0.01955	-0.00645	0.99996	0.00657	-0.01951	-0.00669	0.99979	-146.1464	-013.2105	864.4829	0.99453	0.09497	0.04356	-0.09779	0.99289	0.06787	-0.03681	-0.07176	0.99674	-098.7825	-024.4003	863.8038	0.96333	0.26158	0.05974	-0.26367	0.96414	0.03027	-0.04968	-0.04491	0.99776	-054.2162	-042.7447	863.5888	0.90163	0.43208	-0.01897	-0.43228	0.90171	-0.00769	0.01378	0.01513	0.99979	-012.5227	-070.0514	862.8997	0.81180	0.58301	-0.03300	-0.58393	0.81010	-0.05259	-0.00392	0.06196	0.99807	021.3707	-103.4837	863.1419	0.68541	0.72463	0.07162	-0.72802	0.68384	0.04845	-0.01387	-0.08535	0.99625	049.9014	-144.1565	862.7612	0.52970	0.84814	0.00866	-0.84818	0.52969	0.00301	-0.00204	-0.00894	0.99996	069.3731	-186.8364	862.0686	0.37377	0.92751	-0.00498	-0.92665	0.37319	-0.04534	-0.04020	0.02157	0.99896	079.8849	-232.6217	860.8816	0.18836	0.98184	0.02255	-0.98006	0.18940	-0.06001	-0.06320	-0.01080	0.99794	
10	-087.5918	055.2922	807.8833	0.97141	0.00840	-0.23725	-0.01015	0.99993	-0.00612	0.23718	0.00836	0.97143	-196.6662	-008.3089	864.9036	0.99743	0.00938	0.07102	-0.01105	0.99967	0.02327	-0.07078	-0.02400	0.99720	-146.1456	-013.2193	864.4758	0.99375	0.09437	0.05960	-0.09877	0.99221	0.07597	-0.05196	-0.08138	0.99533	-098.7825	-024.4003	863.8059	0.96333	0.26159	0.05969	-0.26368	0.96413	0.03028	-0.04963	-0.04491	0.99776	-054.2168	-042.7422	863.5754	0.90182	0.43206	-0.00588	-0.43209	0.90181	-0.00564	0.00286	0.00762	0.99997	-012.5227	-070.0514	862.8997	0.81177	0.58236	-0.04337	-0.58391	0.81056	-0.04513	0.00887	0.06196	0.99804	021.3700	-103.4800	863.1044	0.68550	0.72541	0.06220	-0.72802	0.68400	0.04614	-0.00907	-0.07691	0.99700	049.9000	-144.1643	862.7149	0.53046	0.84706	0.03318	-0.84771	0.52995	0.02340	0.00224	-0.04054	0.99918	069.3602	-186.8229	861.6310	0.37782	0.92565	-0.02041	-0.92534	0.37676	-0.04230	-0.03147	0.03487	0.99890	079.8948	-232.6032	860.8543	0.19253	0.95805	-0.21229	-0.98104	0.18301	-0.06379	-0.02227	0.22054	0.97512	
11	-087.6485	055.2591	808.0777	0.97192	0.00906	-0.23514	-0.01013	0.99994	-0.00334	0.23510	0.00563	0.97195	-196.7316	-008.3380	865.2466	0.99949	0.01038	0.03033	-0.01071	0.99989	0.01065	-0.03022	-0.01097	0.99948	-146.1849	-013.5693	864.6872	0.99440	0.10391	0.01945	-0.10367	0.99452	-0.01327	-0.02073	0.01118	0.99972	-098.9687	-025.2881	864.2356	0.96087	0.26983	0.06270	-0.27025	0.96279	-0.00172	-0.06083	-0.01529	0.99803	-054.5710	-044.1282	864.2889	0.89788	0.44013	-0.00998	-0.44018	0.89791	-0.00269	0.00778	0.00681	0.99995	-013.2240	-071.9521	864.4036	0.81025	0.58605	0.00660	-0.58607	0.81007	0.01771	0.00503	-0.01822	0.99982	020.2605	-105.8083	864.8389	0.67651	0.73362	0.06439	-0.73638	0.67273	0.07201	0.00951	-0.09613	0.99532	048.2472	-146.8800	865.1295	0.52237	0.85185	-0.03846	-0.85258	0.52256	-0.00587	0.01510	0.03586	0.99924	067.0758	-189.8818	864.9579	0.35938	0.93307	-0.01511	-0.93288	0.35880	-0.03173	-0.02418	0.02550	0.99938	076.9795	-235.9059	864.5471	0.17835	0.98170	-0.06677	-0.98385	0.17687	-0.02756	-0.01525	0.07060	0.99739	
12	-087.6482	055.2589	808.0764	0.97186	0.00949	-0.23535	-0.01022	0.99995	-0.00189	0.23532	0.00425	0.97191	-196.7316	-008.3360	865.2466	0.99949	0.01039	0.03020	-0.01071	0.99989	0.01065	-0.03009	-0.01097	0.99949	-146.1912	-013.5807	864.6795	0.99381	0.10546	0.03502	-0.10542	0.99442	-0.00296	-0.03514	-0.00075	0.99938	-098.9666	-025.2866	864.2276	0.96063	0.27018	0.06477	-0.27034	0.96274	-0.00643	-0.06410	-0.01134	0.99788	-054.5701	-044.1278	864.2893	0.89795	0.43999	-0.00958	-0.44003	0.89797	-0.00373	0.00696	0.00756	0.99995	-013.2234	-071.9522	864.4075	0.81003	0.58606	0.01980	-0.58638	0.80937	0.03282	0.00321	-0.03819	0.99927	020.2604	-105.8080	864.8361	0.67641	0.73409	0.05993	-0.73643	0.67277	0.07107	0.01185	-0.09221	0.99567	048.2472	-146.8800	865.1295	0.52229	0.85190	-0.03846	-0.85264	0.52247	-0.00586	0.01510	0.03586	0.99924	067.0752	-189.8804	864.9494	0.35938	0.93296	-0.02093	-0.93287	0.35857	-0.03450	-0.02468	0.03193	0.99919	076.9795	-235.9059	864.5471	0.17835	0.98170	-0.06677	-0.98385	0.17687	-0.02756	-0.01525	0.07060	0.99739	
13	-087.6483	055.2599	808.0906	0.97195	0.00952	-0.23501	-0.01015	0.99995	-0.00146	0.23498	0.00380	0.97199	-196.7311	-008.3362	865.2395	0.99947	0.01013	0.03107	-0.01048	0.99988	0.01105	-0.03096	-0.01137	0.99946	-146.1951	-013.5862	864.6539	0.99311	0.10282	0.05621	-0.10362	0.99455	0.01143	-0.05473	-0.01717	0.99835	-098.9647	-025.2840	864.2280	0.96087	0.27056	0.05944	-0.27069	0.96265	-0.00604	-0.05885	-0.01029	0.99821	-054.5705	-044.1261	864.2929	0.89806	0.43985	-0.00536	-0.43982	0.89807	0.00468	0.00688	-0.00185	0.99997	-013.2234	-071.9521	864.4075	0.81003	0.58606	0.01980	-0.58638	0.80937	0.03282	0.00321	-0.03819	0.99927	020.2566	-105.8082	864.8399	0.67640	0.73429	0.05741	-0.73644	0.67300	0.06885	0.01191	-0.08885	0.99597	048.2472	-146.8797	865.1304	0.52232	0.85174	-0.04149	-0.85259	0.52254	-0.00613	0.01646	0.03858	0.99912	067.0748	-189.8803	864.9648	0.35957	0.93295	-0.01746	-0.93280	0.35890	-0.03275	-0.02429	0.02806	0.99931	076.9801	-235.9114	864.6792	0.17901	0.98127	-0.07117	-0.98379	0.17778	-0.02336	-0.01027	0.07419	0.99719	
14	-087.6480	055.2597	808.0977	0.97188	0.00940	-0.23529	-0.01015	0.99995	-0.00198	0.23526	0.00431	0.97192	-196.7303	-008.3359	865.2371	0.99944	0.01007	0.03195	-0.01036	0.99991	0.00901	-0.03185	-0.00934	0.99945	-146.1993	-013.5910	864.6632	0.99331	0.10335	0.05147	-0.10428	0.99443	0.01562	-0.04957	-0.02088	0.99855	-098.9647	-025.2840	864.2280	0.96087	0.27056	0.05944	-0.27069	0.96265	-0.00604	-0.05885	-0.01029	0.99821	-054.5698	-044.1255	864.3116	0.89816	0.43967	-0.00147	-0.43964	0.89812	0.00963	0.00556	-0.00801	0.99995	-013.2220	-071.9510	864.4071	0.80996	0.58584	0.02748	-0.58648	0.80894	0.04076	0.00165	-0.04913	0.99879	020.2564	-105.8063	864.8631	0.67651	0.73401	0.05973	-0.73634	0.67284	0.07139	0.01221	-0.09228	0.99566	048.2466	-146.8766	865.1221	0.52228	0.85149	-0.04677	-0.85257	0.52257	-0.00667	0.01876	0.04336	0.99888	067.0740	-189.8793	864.9903	0.35943	0.93301	-0.01764	-0.93288	0.35878	-0.03193	-0.02346	0.02793	0.99933	076.9965	-236.0219	865.5666	0.17634	0.96022	0.21653	-0.98240	0.18546	-0.02236	-0.06163	-0.20877	0.97602	
15	-087.6483	055.2598	808.1067	0.97209	0.00981	-0.23442	-0.01017	0.99995	-0.00032	0.23441	0.00269	0.97213	-196.7298	-008.3359	865.2509	0.99960	0.01009	0.02649	-0.01033	0.99991	0.00902	-0.02640	-0.00929	0.99961	-146.2022	-013.5945	864.6884	0.99379	0.10434	0.03858	-0.10518	0.99425	0.02029	-0.03624	-0.02422	0.99905	-098.9666	-025.2832	864.2445	0.96088	0.27064	0.05878	-0.27115	0.96254	0.00071	-0.05639	-0.01662	0.99827	-054.5690	-044.1255	864.2978	0.89787	0.44014	-0.01026	-0.44016	0.89792	0.00080	0.00956	0.00380	0.99995	-013.2203	-071.9496	864.4113	0.80989	0.58553	0.03516	-0.58659	0.80842	0.04869	0.00008	-0.06006	0.99819	020.2564	-105.8074	864.8631	0.67651	0.73404	0.05936	-0.73634	0.67288	0.07105	0.01221	-0.09178	0.99570	048.2477	-146.8769	865.1414	0.52233	0.85215	-0.03174	-0.85261	0.52255	-0.00160	0.01522	0.02790	0.99949	067.0744	-189.8835	865.0276	0.35909	0.93316	-0.01631	-0.93298	0.35845	-0.03265	-0.02462	0.02694	0.99933	076.9965	-236.0219	865.5666	0.17482	0.96057	0.21622	-0.98267	0.18396	-0.02275	-0.06163	-0.20850	0.97608	
16	-087.6484	055.2599	808.1083	0.97204	0.00965	-0.23464	-0.01023	0.99995	-0.00126	0.23461	0.00363	0.97208	-196.7304	-008.3354	865.2624	0.99955	0.01026	0.02820	-0.01049	0.99991	0.00818	-0.02811	-0.00847	0.99957	-146.2021	-013.5945	864.6884	0.99379	0.10434	0.03858	-0.10517	0.99425	0.02024	-0.03624	-0.02417	0.99905	-098.9653	-025.2800	864.2444	0.96106	0.27125	0.05278	-0.27095	0.96251	-0.01283	-0.05428	-0.00197	0.99852	-054.5680	-044.1249	864.2967	0.89799	0.44000	-0.00268	-0.43995	0.89796	0.01022	0.00691	-0.00800	0.99994	-013.2180	-071.9499	864.4245	0.80996	0.58544	0.03503	-0.58649	0.80857	0.04733	-0.00062	-0.05888	0.99826	020.2559	-105.8076	864.8834	0.67651	0.73378	0.06245	-0.73635	0.67275	0.07209	0.01088	-0.09475	0.99544	048.2477	-146.8769	865.1414	0.52233	0.85215	-0.03174	-0.85261	0.52255	-0.00160	0.01522	0.02790	0.99949	067.0747	-189.8858	865.0511	0.35912	0.93327	-0.00578	-0.93295	0.35881	-0.02932	-0.02529	0.01593	0.99955	076.9912	-235.9280	865.2401	0.17866	0.98227	-0.05677	-0.98383	0.17760	-0.02315	-0.01265	0.05999	0.99812	
17	-087.6486	055.2598	808.1079	0.97200	0.00962	-0.23477	-0.01028	0.99995	-0.00160	0.23475	0.00397	0.97205	-196.7299	-008.3347	865.2534	0.99946	0.01002	0.03117	-0.01035	0.99989	0.01054	-0.03106	-0.01086	0.99946	-146.2042	-013.5976	864.6881	0.99357	0.10425	0.04417	-0.10549	0.99406	0.02661	-0.04113	-0.03110	0.99867	-098.9653	-025.2800	864.2373	0.96106	0.27124	0.05278	-0.27095	0.96251	-0.01283	-0.05428	-0.00197	0.99852	-054.5684	-044.1234	864.3166	0.89795	0.44010	0.00067	-0.44006	0.89784	0.01505	0.00602	-0.01380	0.99989	-013.2172	-071.9481	864.4369	0.81018	0.58528	0.03244	-0.58618	0.80897	0.04438	-0.00027	-0.05497	0.99849	020.2560	-105.8076	864.8831	0.67651	0.73378	0.06245	-0.73635	0.67275	0.07208	0.01088	-0.09475	0.99544	048.2493	-146.8781	865.1527	0.52236	0.85244	-0.02227	-0.85263	0.52251	0.00122	0.01267	0.01835	0.99975	067.0749	-189.8854	865.0446	0.35945	0.93308	-0.01278	-0.93289	0.35899	-0.02893	-0.02240	0.02232	0.99950	076.9860	-235.9294	865.1520	0.18099	0.98349	-0.00007	-0.98330	0.18095	-0.01958	-0.01924	0.00361	0.99981	
18	-087.6488	055.2598	808.1103	0.97194	0.00950	-0.23503	-0.01027	0.99995	-0.00204	0.23500	0.00439	0.97198	-196.7298	-008.3329	865.2672	0.99949	0.00983	0.03053	-0.01019	0.99988	0.01157	-0.03042	-0.01188	0.99947	-146.2052	-013.6002	864.6795	0.99392	0.10421	0.03546	-0.10483	0.99436	0.01599	-0.03359	-0.01961	0.99924	-098.9653	-025.2788	864.2365	0.96115	0.27158	0.04930	-0.27161	0.96239	-0.00616	-0.04912	-0.00747	0.99876	-054.5683	-044.1218	864.2942	0.89793	0.44001	-0.01030	-0.44001	0.89799	0.00215	0.01020	0.00260	0.99994	-013.2181	-071.9461	864.4014	0.80971	0.58677	0.00870	-0.58670	0.80913	0.03305	0.01235	-0.03187	0.99942	020.2559	-105.8076	864.8780	0.67648	0.73391	0.06127	-0.73636	0.67271	0.07227	0.01182	-0.09400	0.99550	048.2486	-146.8784	865.1610	0.52230	0.85239	-0.02501	-0.85264	0.52250	0.00154	0.01438	0.02052	0.99969	067.0743	-189.8851	865.0210	0.35953	0.93299	-0.01663	-0.93289	0.35897	-0.02930	-0.02137	0.02605	0.99943	076.9841	-235.9278	865.0184	0.18025	0.98212	-0.05426	-0.98359	0.17955	-0.01756	-0.00750	0.05654	0.99837	
19	-087.6478	055.2590	808.0966	0.97202	0.00943	-0.23470	-0.01026	0.99994	-0.00234	0.23467	0.00468	0.97206	-196.7374	-008.3324	865.2855	0.99938	0.00978	0.03394	-0.01023	0.99986	0.01316	-0.03380	-0.01350	0.99934	-146.2063	-013.6023	864.6812	0.99371	0.10350	0.04271	-0.10459	0.99422	0.02421	-0.03996	-0.02853	0.99879	-098.9637	-025.2788	864.2306	0.96130	0.27184	0.04482	-0.27138	0.96234	-0.01611	-0.04751	0.00332	0.99887	-054.5680	-044.1218	864.3084	0.89796	0.44005	-0.00432	-0.44003	0.89797	0.00583	0.00644	-0.00333	0.99997	-013.2182	-071.9453	864.3955	0.80954	0.58685	0.01571	-0.58701	0.80881	0.03518	0.00794	-0.03770	0.99926	020.2564	-105.8074	864.8698	0.67644	0.73359	0.06541	-0.73643	0.67242	0.07435	0.01056	-0.09847	0.99508	048.2476	-146.8753	865.1317	0.52263	0.85240	-0.01630	-0.85248	0.52275	0.00333	0.01136	0.01215	0.99986	067.0750	-189.8851	865.0108	0.35960	0.93304	-0.01098	-0.93280	0.35916	-0.02987	-0.02393	0.02098	0.99949	076.9828	-235.9254	864.9220	0.18110	0.98282	0.03567	-0.98330	0.18161	-0.01175	-0.01803	-0.03295	0.99929	
20	-087.6485	055.2588	808.1096	0.97212	0.01003	-0.23427	-0.01023	0.99995	0.00037	0.23427	0.00204	0.97217	-196.7330	-008.3309	865.2615	0.99942	0.00949	0.03272	-0.00980	0.99991	0.00942	-0.03262	-0.00974	0.99942	-146.2072	-013.6044	864.6981	0.99410	0.10363	0.03197	-0.10457	0.99409	0.02911	-0.02876	-0.03228	0.99906	-098.9673	-025.2784	864.2378	0.96092	0.27100	0.05654	-0.27097	0.96255	-0.00843	-0.05671	-0.00722	0.99836	-054.5681	-044.1213	864.2884	0.89777	0.44039	-0.00807	-0.44038	0.89781	0.00212	0.00818	0.00165	0.99997	-013.2182	-071.9453	864.3955	0.80954	0.58685	0.01582	-0.58701	0.80882	0.03510	0.00781	-0.03770	0.99926	020.2544	-105.8079	864.8558	0.67659	0.73362	0.06352	-0.73628	0.67268	0.07345	0.01116	-0.09647	0.99527	048.2482	-146.8764	865.1136	0.52272	0.85228	-0.01980	-0.85239	0.52288	0.00422	0.01395	0.01467	0.99980	067.0709	-189.8843	864.9838	0.35972	0.93293	-0.01576	-0.93280	0.35917	-0.02966	-0.02202	0.02537	0.99944	076.9808	-235.9222	864.8465	0.18024	0.98358	-0.00945	-0.98356	0.18012	-0.01273	-0.01082	0.01159	0.99987	
21	-058.2495	059.5989	858.6925	0.97469	0.01040	-0.22330	-0.00960	0.99994	0.00464	0.22334	-0.00238	0.97474	-166.7054	-003.6376	917.8091	0.99906	0.01153	0.04175	-0.01277	0.99948	0.02946	-0.04139	-0.02996	0.99869	-116.5637	-010.1609	916.3553	0.98866	0.13603	0.06360	-0.13879	0.98947	0.04109	-0.05734	-0.04945	0.99713	-070.2633	-024.2992	915.8555	0.94306	0.33138	0.02873	-0.32983	0.94282	-0.04803	-0.04300	0.03582	0.99843	-027.7058	-046.4614	915.5362	0.85692	0.51525	0.01404	-0.51501	0.85700	-0.01759	-0.02109	0.00784	0.99975	010.7474	-078.0325	915.4905	0.74804	0.66278	0.03396	-0.66365	0.74709	0.03767	-0.00040	-0.05071	0.99871	040.6888	-115.0846	916.1481	0.60053	0.79909	0.02861	-0.79916	0.59863	0.05468	0.02657	-0.05570	0.99809	064.9899	-158.6197	916.7409	0.44673	0.89453	0.01563	-0.89405	0.44571	0.04478	0.03309	-0.03398	0.99887	081.1137	-202.9875	916.9273	0.30490	0.95110	-0.04942	-0.95236	0.30413	-0.02247	-0.00634	0.05392	0.99853	089.5270	-249.6986	917.3858	0.15614	0.98662	-0.04682	-0.98774	0.15598	-0.00707	0.00033	0.04735	0.99888	
22	-058.2480	059.5996	858.6965	0.97473	0.01057	-0.22313	-0.00950	0.99994	0.00586	0.22318	-0.00359	0.97477	-166.7006	-003.6334	917.7925	0.99919	0.01148	0.03859	-0.01244	0.99962	0.02478	-0.03830	-0.02524	0.99895	-116.5624	-010.1624	916.3616	0.98929	0.13731	0.04961	-0.13892	0.98983	0.03060	-0.04490	-0.03716	0.99830	-070.2655	-024.3059	915.8772	0.94348	0.33141	0.00248	-0.33045	0.94128	-0.06926	-0.02528	0.06452	0.99760	-027.7058	-046.4615	915.5362	0.85707	0.51502	0.01403	-0.51478	0.85714	-0.01759	-0.02109	0.00785	0.99975	010.7475	-078.0328	915.4905	0.74803	0.66281	0.03376	-0.66367	0.74709	0.03745	-0.00040	-0.05041	0.99873	040.6886	-115.0858	916.1609	0.60024	0.79939	0.02622	-0.79934	0.59844	0.05405	0.02752	-0.05340	0.99819	064.9854	-158.6184	916.7373	0.44688	0.89426	0.02450	-0.89408	0.44553	0.04615	0.03035	-0.04253	0.99863	081.1137	-202.9875	916.9273	0.30490	0.95110	-0.04942	-0.95236	0.30413	-0.02247	-0.00634	0.05392	0.99853	089.5265	-249.7017	917.3882	0.15618	0.98723	-0.03135	-0.98772	0.15600	-0.00824	-0.00324	0.03225	0.99947	
23	-058.2470	059.5995	858.7070	0.97484	0.01068	-0.22264	-0.00961	0.99994	0.00585	0.22268	-0.00357	0.97488	-166.6958	-003.6317	917.7645	0.99925	0.01161	0.03702	-0.01244	0.99967	0.02228	-0.03675	-0.02273	0.99907	-116.5624	-010.1639	916.3616	0.98924	0.13746	0.05012	-0.13919	0.98972	0.03287	-0.04509	-0.03949	0.99820	-070.2678	-024.3137	915.8974	0.94354	0.33035	-0.02445	-0.33118	0.93925	-0.09015	-0.00681	0.09316	0.99563	-027.7050	-046.4611	915.4936	0.85705	0.51518	0.00811	-0.51492	0.85697	-0.02148	-0.01801	0.01423	0.99974	010.7481	-078.0310	915.4789	0.74811	0.66308	0.02579	-0.66358	0.74751	0.02987	0.00052	-0.03946	0.99922	040.6889	-115.0868	916.1400	0.60009	0.79973	0.01799	-0.79937	0.59867	0.05091	0.02995	-0.04494	0.99854	064.9838	-158.6182	916.7292	0.44697	0.89446	0.01238	-0.89405	0.44621	0.03961	0.02990	-0.02878	0.99914	081.1137	-202.9875	916.9273	0.30490	0.95110	-0.04942	-0.95236	0.30413	-0.02247	-0.00634	0.05392	0.99853	089.5265	-249.7017	917.3882	0.15618	0.98723	-0.03135	-0.98772	0.15600	-0.00824	-0.00324	0.03225	0.99947	
24	-058.2460	059.5995	858.6894	0.97465	0.01019	-0.22352	-0.00952	0.99995	0.00409	0.22355	-0.00186	0.97469	-166.6935	-003.6323	917.7524	0.99924	0.01133	0.03739	-0.01217	0.99968	0.02212	-0.03712	-0.02256	0.99906	-116.5626	-010.1652	916.3654	0.98873	0.13611	0.06232	-0.13901	0.98927	0.04491	-0.05554	-0.05307	0.99705	-070.2719	-024.3185	915.8560	0.94337	0.33175	-0.00168	-0.33092	0.94062	-0.07567	-0.02352	0.07194	0.99713	-027.7047	-046.4599	915.4846	0.85717	0.51483	0.01466	-0.51464	0.85728	-0.01483	-0.02020	0.00516	0.99978	010.7491	-078.0292	915.4678	0.74819	0.66325	0.01784	-0.66349	0.74785	0.02228	0.00144	-0.02851	0.99959	040.6888	-115.0866	916.1173	0.60047	0.79930	0.02356	-0.79913	0.59877	0.05355	0.02870	-0.05098	0.99829	064.9837	-158.6213	916.7620	0.44638	0.89482	0.00620	-0.89430	0.44585	0.03798	0.03122	-0.02250	0.99926	080.7857	-202.9563	915.4528	0.31906	0.94543	0.06612	-0.94479	0.31180	0.10075	0.07464	-0.09461	0.99271	089.5273	-249.7025	917.3919	0.15605	0.98750	-0.02219	-0.98773	0.15588	-0.00923	-0.00566	0.02336	0.99971	
25	-058.2485	059.6002	858.6992	0.97469	0.01070	-0.22329	-0.00949	0.99993	0.00649	0.22334	-0.00420	0.97473	-166.6850	-003.6299	917.7190	0.99929	0.01159	0.03585	-0.01234	0.99971	0.02083	-0.03560	-0.02126	0.99914	-116.5626	-010.1652	916.3654	0.98873	0.13611	0.06232	-0.13901	0.98927	0.04491	-0.05554	-0.05307	0.99705	-070.2693	-024.3197	915.9158	0.94328	0.33200	0.00217	-0.33152	0.94222	-0.04811	-0.01802	0.04466	0.99884	-027.7048	-046.4585	915.4900	0.85741	0.51458	0.00830	-0.51444	0.85741	-0.01448	-0.01457	0.00815	0.99986	010.7518	-078.0266	915.4515	0.74854	0.66246	0.02882	-0.66308	0.74805	0.02730	-0.00347	-0.03954	0.99921	040.6891	-115.0865	916.1287	0.60023	0.79950	0.02302	-0.79935	0.59861	0.05204	0.02782	-0.04964	0.99838	064.9837	-158.6213	916.7491	0.44638	0.89482	0.00620	-0.89430	0.44585	0.03798	0.03122	-0.02250	0.99926	081.3506	-203.2330	918.8146	0.29639	0.94754	-0.11965	-0.94832	0.27711	-0.15460	-0.11333	0.15928	0.98071	089.5291	-249.7034	917.3953	0.15590	0.98769	-0.01303	-0.98774	0.15577	-0.01016	-0.00800	0.01445	0.99986	
26	-058.2486	059.6002	858.7038	0.97469	0.01039	-0.22331	-0.00947	0.99994	0.00519	0.22336	-0.00294	0.97473	-166.6823	-003.6256	917.7354	0.99931	0.01143	0.03529	-0.01222	0.99968	0.02208	-0.03502	-0.02250	0.99913	-116.5612	-010.1647	916.3673	0.98902	0.13723	0.05479	-0.13942	0.98949	0.03838	-0.04894	-0.04559	0.99776	-070.2699	-024.3217	915.8786	0.94297	0.33264	-0.01273	-0.33286	0.94177	-0.04767	-0.00386	0.04919	0.99878	-027.7058	-046.4584	915.4908	0.85724	0.51485	0.00821	-0.51465	0.85720	-0.01839	-0.01651	0.01153	0.99980	010.7519	-078.0266	915.4515	0.74850	0.66251	0.02882	-0.66312	0.74801	0.02730	-0.00348	-0.03954	0.99921	040.6888	-115.0859	916.1253	0.60034	0.79927	0.02769	-0.79933	0.59855	0.05300	0.02578	-0.05395	0.99821	064.9868	-158.6246	916.7780	0.44706	0.89433	0.01774	-0.89412	0.44620	0.03824	0.02628	-0.03296	0.99911	081.1613	-203.2330	918.8146	0.29791	0.94703	-0.11995	-0.94802	0.27880	-0.15338	-0.11181	0.15941	0.98086	089.5309	-249.7042	917.3986	0.15573	0.98779	-0.00387	-0.98775	0.15567	-0.01108	-0.01034	0.00555	0.99993	
27	-058.2489	059.6009	858.7143	0.97479	0.01061	-0.22289	-0.00955	0.99994	0.00580	0.22294	-0.00352	0.97483	-166.6832	-003.6243	917.7620	0.99920	0.01120	0.03831	-0.01213	0.99964	0.02410	-0.03803	-0.02454	0.99898	-116.5620	-010.1647	916.3673	0.98902	0.13723	0.05481	-0.13943	0.98948	0.03855	-0.04894	-0.04577	0.99775	-070.2699	-024.3217	915.8786	0.94296	0.33265	-0.01274	-0.33287	0.94177	-0.04767	-0.00386	0.04919	0.99878	-027.7041	-046.4581	915.4906	0.85707	0.51515	0.00744	-0.51500	0.85705	-0.01555	-0.01439	0.00949	0.99985	010.7522	-078.0257	915.4430	0.74858	0.66230	0.03146	-0.66303	0.74805	0.02855	-0.00462	-0.04223	0.99910	040.6886	-115.0863	916.1216	0.60012	0.79968	0.01945	-0.79947	0.59879	0.04794	0.02669	-0.04432	0.99866	064.9868	-158.6243	916.7780	0.44706	0.89433	0.01772	-0.89412	0.44619	0.03829	0.02634	-0.03296	0.99911	081.1363	-203.0721	917.4923	0.30098	0.95308	-0.03226	-0.95363	0.30087	-0.00818	0.00191	0.03322	0.99945	089.5330	-249.7051	917.4017	0.15553	0.98782	0.00528	-0.98775	0.15558	-0.01198	-0.01266	-0.00336	0.99991	
28	-058.2481	059.6011	858.7039	0.97481	0.01045	-0.22281	-0.00946	0.99994	0.00552	0.22285	-0.00328	0.97485	-166.6776	-003.6250	917.7441	0.99935	0.01139	0.03429	-0.01207	0.99973	0.01982	-0.03406	-0.02022	0.99922	-116.5633	-010.1658	916.3889	0.98850	0.13594	0.06619	-0.13938	0.98895	0.05048	-0.05859	-0.05912	0.99653	-070.2715	-024.3221	915.8556	0.94272	0.33271	-0.02401	-0.33354	0.94122	-0.05349	0.00480	0.05844	0.99828	-027.7054	-046.4581	915.4906	0.85707	0.51515	0.00769	-0.51500	0.85705	-0.01570	-0.01468	0.00949	0.99985	010.7542	-078.0254	915.4302	0.74865	0.66237	0.02817	-0.66296	0.74819	0.02637	-0.00361	-0.03842	0.99926	040.6888	-115.0858	916.1063	0.60026	0.79953	0.02093	-0.79938	0.59889	0.04814	0.02595	-0.04563	0.99862	064.9890	-158.6270	916.7901	0.44657	0.89471	0.00799	-0.89435	0.44609	0.03387	0.02674	-0.02227	0.99939	081.1718	-203.1457	917.9840	0.30483	0.94821	0.08929	-0.95230	0.30484	0.01390	-0.01404	-0.08926	0.99591	089.5320	-249.7105	917.3944	0.15540	0.98785	0.00158	-0.98778	0.15541	-0.01159	-0.01170	0.00024	0.99993	
29	-058.2483	059.6010	858.7122	0.97463	0.01031	-0.22357	-0.00945	0.99994	0.00491	0.22361	-0.00267	0.97467	-166.7574	-003.5973	918.4861	0.99770	0.01082	0.06694	-0.01761	0.99466	0.10172	-0.06548	-0.10266	0.99256	-116.5630	-010.1658	916.3825	0.98850	0.13594	0.06618	-0.13938	0.98895	0.05048	-0.05859	-0.05912	0.99653	-070.2703	-024.3194	915.8296	0.94297	0.33266	-0.01202	-0.33284	0.94174	-0.04851	-0.00482	0.04975	0.99875	-027.7051	-046.4589	915.4972	0.85690	0.51542	0.00848	-0.51523	0.85688	-0.01720	-0.01613	0.01037	0.99982	010.7542	-078.0239	915.4291	0.74865	0.66237	0.02817	-0.66296	0.74819	0.02637	-0.00361	-0.03842	0.99926	040.6903	-115.0853	916.1357	0.60046	0.79891	0.03446	-0.79929	0.59832	0.05619	0.02427	-0.06129	0.99783	064.9890	-158.6270	916.7901	0.44659	0.89471	0.00782	-0.89433	0.44610	0.03422	0.02713	-0.02228	0.99938	081.1322	-202.9567	916.3153	0.30059	0.92979	-0.21246	-0.95372	0.29489	-0.05879	0.00799	0.22030	0.97540	089.5320	-249.7105	917.4014	0.15540	0.98785	0.00158	-0.98778	0.15541	-0.01159	-0.01170	0.00024	0.99993	
30	-058.2489	059.6018	858.7192	0.97468	0.01058	-0.22337	-0.00945	0.99994	0.00610	0.22342	-0.00384	0.97472	-166.7527	-003.5870	917.9514	0.99856	0.01221	0.05230	-0.01187	0.99991	-0.00688	-0.05238	0.00625	0.99861	-116.5618	-010.1640	916.3841	0.98847	0.13530	0.06797	-0.13877	0.98910	0.04924	-0.06057	-0.05810	0.99647	-070.2703	-024.3194	915.8372	0.94297	0.33266	-0.01202	-0.33284	0.94174	-0.04851	-0.00482	0.04975	0.99875	-027.7044	-046.4591	915.4915	0.85717	0.51495	0.00929	-0.51466	0.85709	-0.02278	-0.01969	0.01474	0.99970	010.7541	-078.0241	915.4306	0.74861	0.66251	0.02559	-0.66300	0.74820	0.02504	-0.00255	-0.03571	0.99936	040.6917	-115.0854	916.1579	0.60050	0.79880	0.03635	-0.79932	0.59839	0.05499	0.02218	-0.06208	0.99782	064.9911	-158.6284	916.7982	0.44661	0.89470	0.00688	-0.89432	0.44616	0.03366	0.02705	-0.02119	0.99941	081.1322	-202.9567	916.7875	0.30244	0.92928	-0.21203	-0.95313	0.29672	-0.05911	0.00799	0.21997	0.97547	089.5320	-249.7107	917.4014	0.15540	0.98785	0.00158	-0.98778	0.15541	-0.01159	-0.01170	0.00024	0.99993	
