"#"	"COOLCARD X"	"COOLCARD Y"	"COOLCARD Z"	"COOLCARD R11"	"COOLCARD R12"	"COOLCARD R13"	"COOLCARD R21"	"COOLCARD R22"	"COOLCARD R23"	"COOLCARD R31"	"COOLCARD R32"	"COOLCARD R33"	"TR_0(1) X"	"TR_0(1) Y"	"TR_0(1) Z"	"TR_0(1) R11"	"TR_0(1) R12"	"TR_0(1) R13"	"TR_0(1) R21"	"TR_0(1) R22"	"TR_0(1) R23"	"TR_0(1) R31"	"TR_0(1) R32"	"TR_0(1) R33"	"TR_1 X"	"TR_1 Y"	"TR_1 Z"	"TR_1 R11"	"TR_1 R12"	"TR_1 R13"	"TR_1 R21"	"TR_1 R22"	"TR_1 R23"	"TR_1 R31"	"TR_1 R32"	"TR_1 R33"	"TR_2 X"	"TR_2 Y"	"TR_2 Z"	"TR_2 R11"	"TR_2 R12"	"TR_2 R13"	"TR_2 R21"	"TR_2 R22"	"TR_2 R23"	"TR_2 R31"	"TR_2 R32"	"TR_2 R33"	"TR_3 X"	"TR_3 Y"	"TR_3 Z"	"TR_3 R11"	"TR_3 R12"	"TR_3 R13"	"TR_3 R21"	"TR_3 R22"	"TR_3 R23"	"TR_3 R31"	"TR_3 R32"	"TR_3 R33"	"TR_4 X"	"TR_4 Y"	"TR_4 Z"	"TR_4 R11"	"TR_4 R12"	"TR_4 R13"	"TR_4 R21"	"TR_4 R22"	"TR_4 R23"	"TR_4 R31"	"TR_4 R32"	"TR_4 R33"	"TR_5 X"	"TR_5 Y"	"TR_5 Z"	"TR_5 R11"	"TR_5 R12"	"TR_5 R13"	"TR_5 R21"	"TR_5 R22"	"TR_5 R23"	"TR_5 R31"	"TR_5 R32"	"TR_5 R33"	"TR_6 X"	"TR_6 Y"	"TR_6 Z"	"TR_6 R11"	"TR_6 R12"	"TR_6 R13"	"TR_6 R21"	"TR_6 R22"	"TR_6 R23"	"TR_6 R31"	"TR_6 R32"	"TR_6 R33"	"TR_7 X"	"TR_7 Y"	"TR_7 Z"	"TR_7 R11"	"TR_7 R12"	"TR_7 R13"	"TR_7 R21"	"TR_7 R22"	"TR_7 R23"	"TR_7 R31"	"TR_7 R32"	"TR_7 R33"	"TR_8 X"	"TR_8 Y"	"TR_8 Z"	"TR_8 R11"	"TR_8 R12"	"TR_8 R13"	"TR_8 R21"	"TR_8 R22"	"TR_8 R23"	"TR_8 R31"	"TR_8 R32"	"TR_8 R33"	
1	-123.5857	055.4984	745.9213	0.99012	0.00884	-0.13997	-0.00988	0.99993	-0.00672	0.13990	0.00804	0.99013	-218.7119	-009.2980	819.9554	0.99052	0.01886	-0.13609	-0.00712	0.99624	0.08629	0.13721	-0.08450	0.98693	-166.7337	-007.7835	823.8345	0.93993	0.09987	0.32642	0.03160	0.92668	-0.37452	-0.33989	0.36234	0.86786	-116.5821	-005.6698	829.4461	0.99820	-0.04045	-0.04432	0.04031	0.99918	-0.00412	0.04445	0.00233	0.99901	-067.3517	-005.5770	832.1364	0.98978	0.01208	-0.14211	-0.00338	0.99811	0.06130	0.14258	-0.06019	0.98795	-016.5059	-007.4794	838.0818	0.99196	0.05965	-0.11157	-0.06084	0.99812	-0.00734	0.11092	0.01407	0.99373	031.5056	-014.2010	841.7173	0.98321	0.14175	-0.11490	-0.14875	0.98736	-0.05481	0.10568	0.07098	0.99186	080.9166	-024.8046	846.5864	0.97223	0.21859	-0.08355	-0.23229	0.85814	-0.45786	-0.02838	0.46455	0.88509	125.8416	-040.5056	848.7486	0.93511	0.34099	-0.09641	-0.34762	0.93553	-0.06280	0.06878	0.09224	0.99336	168.0887	-062.3954	856.1006	0.88372	0.44648	-0.14036	-0.45809	0.88660	-0.06396	0.09588	0.12082	0.98803	
2	-123.5853	055.4976	745.9169	0.99012	0.00882	-0.13994	-0.00988	0.99993	-0.00688	0.13987	0.00820	0.99014	-218.6686	-009.3166	819.6412	0.99582	0.01397	-0.09030	-0.00932	0.99862	0.05170	0.09089	-0.05065	0.99457	-166.6715	-007.7797	824.2807	0.99776	-0.01573	0.06507	0.02600	0.98677	-0.16005	-0.06169	0.16138	0.98496	-116.5821	-005.6704	829.4450	0.99835	-0.03990	-0.04142	0.03990	0.99920	-0.00067	0.04141	-0.00099	0.99914	-067.3461	-005.5732	832.0316	0.99486	0.00813	-0.10097	-0.00464	0.99938	0.03479	0.10119	-0.03414	0.99428	-016.5256	-007.4922	837.7258	0.99315	0.05980	-0.10036	-0.05436	0.99695	0.05608	0.10341	-0.05024	0.99337	031.4967	-014.2226	841.9564	0.98715	0.15343	-0.04473	-0.14779	0.98290	0.10987	0.06082	-0.10184	0.99294	080.9166	-024.8046	845.8317	0.97228	0.21772	-0.08521	-0.23230	0.85835	-0.45746	-0.02646	0.46457	0.88514	125.8611	-040.5056	848.8718	0.93586	0.34669	-0.06307	-0.34666	0.93792	0.01175	0.06323	0.01087	0.99794	168.1345	-062.3718	851.7935	0.88567	0.45948	-0.06687	-0.46194	0.88650	-0.02691	0.04691	0.05472	0.99740	
3	-123.5838	055.4959	745.9068	0.99017	0.00894	-0.13957	-0.00991	0.99993	-0.00629	0.13950	0.00761	0.99019	-218.6055	-009.3101	819.2961	0.99525	0.00969	-0.09683	-0.01007	0.99994	-0.00342	0.09679	0.00438	0.99530	-166.7104	-007.2865	826.0329	0.96141	-0.06079	-0.26832	0.13342	0.95595	0.26147	0.24060	-0.28718	0.92717	-116.5825	-005.6709	829.4255	0.99829	-0.03958	-0.04297	0.03931	0.99920	-0.00699	0.04321	0.00529	0.99905	-067.2084	-004.5747	835.3736	0.99402	0.01680	-0.10790	-0.01174	0.99881	0.04739	0.10856	-0.04584	0.99303	-016.5408	-007.4893	837.9260	0.99042	0.05934	-0.12469	-0.05683	0.99811	0.02357	0.12585	-0.01626	0.99192	031.4964	-014.2277	842.1778	0.98602	0.15429	-0.06284	-0.14954	0.98595	0.07443	0.07344	-0.06399	0.99524	081.0451	-024.0413	845.0281	0.98120	0.17629	-0.07858	-0.16711	0.57225	-0.80287	-0.09658	0.80090	0.59095	125.8766	-040.5018	849.5089	0.93290	0.32117	-0.16293	-0.35149	0.91050	-0.21781	0.07840	0.26046	0.96230	168.1345	-062.3718	851.7935	0.88454	0.45867	-0.08487	-0.46117	0.88724	-0.01152	0.07002	0.04933	0.99633	
4	-123.5833	055.4957	745.9175	0.99011	0.00920	-0.14000	-0.00991	0.99994	-0.00438	0.13995	0.00572	0.99014	-218.5702	-009.3037	819.0901	0.99712	0.00532	-0.07571	-0.00628	0.99990	-0.01251	0.07563	0.01295	0.99705	-166.6648	-007.4498	825.1266	0.99821	-0.05692	-0.01848	0.05725	0.99821	0.01754	0.01744	-0.01857	0.99968	-116.5794	-005.6735	829.4072	0.99807	-0.04097	-0.04672	0.03978	0.99887	-0.02609	0.04774	0.02419	0.99857	-067.3419	-005.5585	832.1917	0.99034	-0.00049	-0.13869	0.01015	0.99757	0.06899	0.13832	-0.06974	0.98793	-016.5559	-007.4875	838.2844	0.98724	0.05634	-0.14891	-0.05835	0.99825	-0.00915	0.14814	0.01772	0.98881	031.5069	-014.2860	843.4977	0.98517	0.14948	-0.08427	-0.15177	0.98819	-0.02135	0.08008	0.03383	0.99621	080.8960	-025.1683	847.9396	0.96303	0.25671	-0.08168	-0.25155	0.96543	0.06838	0.09641	-0.04531	0.99431	125.8702	-040.4794	852.4401	0.93527	0.35259	-0.03079	-0.34931	0.93358	0.08007	0.05698	-0.06413	0.99631	168.1139	-062.3762	855.6730	0.88459	0.45678	-0.09407	-0.45934	0.88824	-0.00635	0.08065	0.04883	0.99555	
5	-123.5830	055.4960	745.9234	0.99007	0.00887	-0.14027	-0.00983	0.99993	-0.00614	0.14020	0.00745	0.99009	-218.5392	-009.2952	818.8835	0.99851	0.00113	-0.05451	-0.00231	0.99977	-0.02153	0.05447	0.02162	0.99828	-166.6666	-007.5534	825.5265	0.99171	-0.05752	-0.11491	0.06484	0.99603	0.06104	0.11095	-0.06798	0.99150	-116.5812	-005.6726	829.4072	0.99807	-0.04097	-0.04672	0.03978	0.99887	-0.02612	0.04774	0.02421	0.99857	-067.3413	-005.6055	832.0889	0.99556	0.01348	-0.09316	-0.01033	0.99936	0.03423	0.09356	-0.03312	0.99506	-016.5747	-007.4850	838.4273	0.98401	0.05570	-0.16916	-0.05976	0.99803	-0.01897	0.16777	0.02878	0.98541	031.5069	-014.2905	843.9308	0.98517	0.14948	-0.08427	-0.15177	0.98819	-0.02135	0.08008	0.03383	0.99621	080.8333	-025.3196	849.0866	0.96362	0.24221	-0.11299	-0.24938	0.96690	-0.05407	0.09615	0.08028	0.99212	125.8518	-040.5218	852.3916	0.93046	0.33117	-0.15676	-0.34742	0.93334	-0.09041	0.11637	0.13858	0.98349	168.0996	-062.3838	857.0019	0.88391	0.45135	-0.12241	-0.45687	0.88931	-0.02001	0.09983	0.07361	0.99228	
6	-123.5828	055.4964	745.9281	0.99004	0.00866	-0.14055	-0.00975	0.99993	-0.00712	0.14048	0.00842	0.99005	-218.6110	-009.2672	819.0462	0.99938	0.00405	-0.03494	-0.00496	0.99965	-0.02589	0.03482	0.02605	0.99905	-166.6229	-007.6057	824.6287	0.99868	-0.04243	-0.02906	0.04418	0.99707	0.06250	0.02633	-0.06370	0.99762	-116.5791	-005.6743	829.4163	0.99816	-0.04116	-0.04449	0.04029	0.99898	-0.02035	0.04528	0.01852	0.99880	-067.3569	-005.6404	831.9825	0.99841	0.02910	-0.04830	-0.02919	0.99957	-0.00104	0.04824	0.00245	0.99883	-016.5955	-007.4831	838.5698	0.98039	0.05388	-0.18956	-0.06137	0.99754	-0.03387	0.18727	0.04484	0.98128	031.5118	-014.3366	844.6943	0.98517	0.14713	-0.08829	-0.15242	0.98670	-0.05650	0.07880	0.06911	0.99449	080.8435	-025.3304	849.3745	0.96537	0.25113	-0.07071	-0.25204	0.96771	-0.00416	0.06738	0.02184	0.99749	125.8325	-040.5327	853.4338	0.93630	0.34957	-0.03373	-0.34921	0.93691	0.01622	0.03727	-0.00341	0.99930	168.0965	-062.3890	857.8434	0.88489	0.46350	0.04622	-0.46336	0.86576	0.18910	0.04763	-0.18875	0.98087	
7	-123.5828	055.4962	745.9323	0.99011	0.00899	-0.13997	-0.00987	0.99994	-0.00559	0.13991	0.00691	0.99014	-218.6064	-009.2936	819.1291	0.99803	0.00673	-0.06232	-0.00713	0.99996	-0.00623	0.06228	0.00666	0.99804	-166.6713	-007.4865	826.0730	0.98660	-0.07535	-0.14470	0.06802	0.99617	-0.05500	0.14829	0.04442	0.98795	-116.5770	-005.6756	829.4368	0.99838	-0.04065	-0.03984	0.04055	0.99917	-0.00326	0.03994	0.00164	0.99920	-067.3391	-005.6142	832.0767	0.99601	0.01454	-0.08803	-0.01443	0.99989	0.00184	0.08805	-0.00057	0.99612	-016.6183	-007.4818	838.7117	0.97637	0.05809	-0.20813	-0.06320	0.99784	-0.01797	0.20664	0.03070	0.97794	031.5160	-014.3951	845.4538	0.98518	0.14466	-0.09221	-0.15305	0.98397	-0.09154	0.07749	0.10430	0.99152	080.8012	-025.2773	848.7312	0.96354	0.24896	-0.09800	-0.24657	0.96846	0.03601	0.10388	-0.01053	0.99453	125.8415	-040.5445	852.2973	0.93378	0.33793	-0.11776	-0.34417	0.93818	-0.03689	0.09802	0.07497	0.99236	168.0942	-062.3999	856.4423	0.88045	0.46096	-0.11097	-0.46850	0.88179	-0.05425	0.07284	0.09975	0.99234	
8	-123.5830	055.4960	745.9406	0.99014	0.00913	-0.13975	-0.00990	0.99994	-0.00483	0.13970	0.00616	0.99017	-218.6548	-009.3060	819.4601	0.99802	0.00766	-0.06244	-0.00749	0.99997	0.00282	0.06246	-0.00235	0.99804	-166.6654	-007.5887	825.3048	0.99874	-0.04881	-0.01193	0.04995	0.99021	0.13037	0.00545	-0.13080	0.99139	-116.5770	-005.6756	829.4368	0.99838	-0.04065	-0.03984	0.04055	0.99917	-0.00326	0.03994	0.00164	0.99920	-067.3417	-005.5982	832.0249	0.99413	0.01020	-0.10776	-0.00741	0.99963	0.02624	0.10798	-0.02529	0.99383	-016.6431	-007.4811	838.8529	0.97198	0.04897	-0.22992	-0.06522	0.99584	-0.06364	0.22585	0.07685	0.97113	031.5193	-014.4658	846.2084	0.98519	0.14206	-0.09604	-0.15364	0.98000	-0.12645	0.07616	0.13933	0.98731	080.8012	-025.2773	848.7312	0.96355	0.24896	-0.09793	-0.24657	0.96846	0.03599	0.10380	-0.01053	0.99454	125.8663	-040.5287	850.9006	0.93343	0.34618	-0.09413	-0.34786	0.93755	-0.00147	0.08774	0.03412	0.99556	168.1862	-062.2652	853.3324	0.87866	0.41954	-0.22791	-0.46113	0.86945	-0.17726	0.12379	0.26085	0.95741	
9	-123.5835	055.4960	745.9368	0.99016	0.00900	-0.13967	-0.00990	0.99993	-0.00575	0.13961	0.00708	0.99018	-218.7031	-009.3154	819.7911	0.99800	0.00858	-0.06255	-0.00785	0.99990	0.01187	0.06265	-0.01136	0.99797	-166.6729	-007.5657	825.1579	0.99645	-0.05821	-0.06082	0.05867	0.99826	0.00584	0.06037	-0.00939	0.99813	-116.5765	-005.6747	829.4323	0.99821	-0.04096	-0.04363	0.04027	0.99905	-0.01655	0.04427	0.01476	0.99891	-067.3435	-005.5875	831.9910	0.99593	0.00768	-0.08977	-0.00632	0.99986	0.01536	0.08987	-0.01473	0.99584	-016.5908	-007.4848	838.3599	0.99084	0.05454	-0.12352	-0.05696	0.99825	-0.01608	0.12243	0.02297	0.99221	031.4951	-014.3462	842.9671	0.98427	0.15345	-0.08750	-0.14943	0.98746	0.05087	0.09421	-0.03699	0.99486	080.7928	-025.2052	846.3830	0.96281	0.24735	-0.10872	-0.25196	0.96725	-0.03068	0.09757	0.05694	0.99360	125.8700	-040.4345	848.7835	0.93430	0.33264	-0.12822	-0.35089	0.92159	-0.16597	0.06296	0.20006	0.97776	168.1655	-062.3688	852.8370	0.88554	0.46318	0.03579	-0.46351	0.87572	0.13516	0.03126	-0.13628	0.99018	
10	-123.5833	055.4950	745.9280	0.99016	0.00902	-0.13965	-0.00989	0.99994	-0.00548	0.13959	0.00680	0.99019	-218.6747	-009.3270	819.6315	0.99764	0.01480	-0.06706	-0.01088	0.99823	0.05852	0.06781	-0.05766	0.99603	-166.6712	-007.5861	825.0942	0.99376	-0.05856	-0.09494	0.05911	0.99825	0.00298	0.09460	-0.00858	0.99548	-116.5762	-005.6751	829.4185	0.99821	-0.04094	-0.04365	0.04026	0.99906	-0.01630	0.04428	0.01451	0.99891	-067.2401	-004.5914	834.9344	0.99300	0.00889	-0.11775	-0.00859	0.99996	0.00301	0.11778	-0.00198	0.99304	-016.5822	-007.4860	838.2057	0.99351	0.05037	-0.10203	-0.05364	0.99812	-0.02963	0.10034	0.03491	0.99434	031.4934	-014.2911	842.1603	0.98449	0.15395	-0.08412	-0.15041	0.98751	0.04695	0.09030	-0.03357	0.99535	080.7928	-025.1768	846.3830	0.96281	0.24735	-0.10872	-0.25196	0.96725	-0.03068	0.09757	0.05694	0.99360	125.8827	-040.4475	849.1786	0.93668	0.34023	-0.08297	-0.34231	0.93951	-0.01183	0.07393	0.03948	0.99648	168.1829	-062.3551	852.7401	0.88580	0.46405	0.00447	-0.46242	0.88179	0.09281	0.03913	-0.08428	0.99567	
11	-121.3166	055.5219	732.5844	0.98877	0.00825	-0.14919	-0.00972	0.99991	-0.00913	0.14910	0.01048	0.98877	-218.4341	-009.2115	806.1667	0.99783	0.01162	-0.06482	-0.01011	0.99967	0.02364	0.06507	-0.02293	0.99762	-169.0551	-016.6638	813.0721	0.97809	0.17607	-0.11109	-0.17020	0.98356	0.06030	0.11988	-0.04008	0.99198	-123.2784	-031.9885	818.1763	0.92805	0.36419	-0.07801	-0.36166	0.93123	0.04494	0.08901	-0.01349	0.99594	-081.1204	-055.1288	823.9350	0.84303	0.52297	-0.12574	-0.52660	0.85010	0.00503	0.10953	0.06197	0.99205	-041.9643	-085.9967	829.7024	0.75873	0.63315	-0.15312	-0.63772	0.76991	0.02358	0.13282	0.07976	0.98793	-008.9525	-120.9545	835.0314	0.66706	0.73239	-0.13653	-0.73527	0.67672	0.03775	0.12004	0.07520	0.98992	022.5675	-160.4881	840.6669	0.59567	0.79080	-0.14076	-0.79525	0.60527	0.03505	0.11291	0.09106	0.98942	049.7390	-200.2731	845.6525	0.54863	0.80787	-0.21529	-0.83044	0.55638	-0.02844	0.09680	0.19439	0.97614	073.9110	-242.1083	850.8263	0.52354	0.83785	-0.15463	-0.84633	0.53232	0.01893	0.09818	0.12096	0.98779	
12	-121.3151	055.5221	732.5796	0.98887	0.00852	-0.14854	-0.00971	0.99993	-0.00726	0.14846	0.00862	0.98888	-218.4310	-009.2004	806.1506	0.99894	0.00770	-0.04529	-0.00726	0.99992	0.00987	0.04536	-0.00953	0.99893	-169.0537	-016.6637	813.0701	0.97796	0.17554	-0.11306	-0.17006	0.98381	0.05646	0.12114	-0.03599	0.99198	-123.2737	-031.9888	818.1723	0.92864	0.36367	-0.07332	-0.36127	0.93142	0.04409	0.08432	-0.01446	0.99633	-081.1196	-055.1272	823.9586	0.84304	0.52399	-0.12129	-0.52624	0.85020	0.01532	0.11115	0.05092	0.99250	-041.8998	-085.9213	829.2054	0.77682	0.60697	-0.16774	-0.62909	0.75993	-0.16354	0.02821	0.23257	0.97217	-008.9488	-120.9607	836.0245	0.66619	0.72849	-0.15967	-0.73093	0.68030	0.05414	0.14806	0.08064	0.98568	022.5675	-160.4932	840.6669	0.59567	0.79080	-0.14076	-0.79525	0.60527	0.03505	0.11291	0.09106	0.98942	049.7261	-200.2701	846.6017	0.55121	0.81188	-0.19240	-0.82839	0.56006	-0.01000	0.09963	0.16490	0.98127	073.8776	-241.9244	851.5447	0.52785	0.84703	-0.06257	-0.83968	0.53151	0.11150	0.12770	-0.00632	0.99179	
13	-121.3141	055.5222	732.5736	0.98888	0.00857	-0.14847	-0.00973	0.99993	-0.00709	0.14840	0.00846	0.98889	-218.4282	-009.1892	806.1347	0.99966	0.00403	-0.02568	-0.00413	0.99998	-0.00384	0.02567	0.00395	0.99966	-169.0537	-016.6636	813.0878	0.97806	0.17674	-0.11024	-0.17078	0.98339	0.06145	0.11927	-0.04127	0.99200	-123.2716	-031.9863	818.1664	0.92832	0.36455	-0.07296	-0.36168	0.93098	0.04971	0.08604	-0.01976	0.99610	-081.1196	-055.1272	823.9586	0.84305	0.52400	-0.12123	-0.52623	0.85020	0.01541	0.11115	0.05080	0.99250	-041.9350	-085.9497	829.9369	0.74406	0.60938	-0.27391	-0.63486	0.77260	-0.00573	0.20814	0.17816	0.96174	-008.9518	-120.9627	835.7315	0.67207	0.73844	-0.05502	-0.73701	0.67426	0.04679	0.07164	0.00911	0.99739	022.5689	-160.5632	841.5270	0.60388	0.79508	-0.05630	-0.79352	0.60635	0.05166	0.07521	0.01348	0.99708	049.6847	-200.2410	846.4274	0.54693	0.81452	-0.19347	-0.82832	0.56002	0.01607	0.12144	0.15146	0.98098	073.9251	-242.1871	852.3090	0.51804	0.84376	-0.14034	-0.84976	0.52641	0.02817	0.09764	0.10466	0.98970	
14	-121.3134	055.5225	732.5699	0.98895	0.00860	-0.14802	-0.00975	0.99993	-0.00703	0.14795	0.00840	0.98896	-218.4225	-009.2125	806.0806	0.99896	0.00889	-0.04474	-0.00741	0.99943	0.03299	0.04501	-0.03262	0.99845	-169.0530	-016.6657	813.0765	0.97829	0.17568	-0.10995	-0.17043	0.98380	0.05554	0.11792	-0.03560	0.99238	-123.2699	-031.9860	818.1910	0.92812	0.36562	-0.07007	-0.36228	0.93038	0.05610	0.08571	-0.02669	0.99596	-081.1201	-055.1275	823.9750	0.84208	0.52315	-0.13119	-0.52658	0.85007	0.00980	0.11665	0.06083	0.99131	-041.9350	-085.9497	829.9369	0.74436	0.60963	-0.27254	-0.63512	0.77239	-0.00690	0.20630	0.17823	0.96212	-008.9567	-120.9599	835.7042	0.67061	0.73708	-0.08364	-0.73515	0.67543	0.05795	0.09921	0.02262	0.99481	022.5689	-160.5664	841.7588	0.60388	0.79508	-0.05630	-0.79352	0.60635	0.05166	0.07521	0.01348	0.99708	049.6780	-200.2562	846.3002	0.54983	0.82011	-0.15846	-0.82952	0.55836	0.01146	0.09787	0.12515	0.98730	073.9251	-242.1871	852.3090	0.51868	0.84348	-0.13968	-0.84934	0.52705	0.02882	0.09793	0.10369	0.98978	
15	-121.3129	055.5231	732.5703	0.98893	0.00840	-0.14816	-0.00982	0.99991	-0.00887	0.14807	0.01023	0.98892	-218.4068	-009.2068	805.9801	0.99859	0.00764	-0.05262	-0.00773	0.99997	-0.00154	0.05260	0.00194	0.99861	-169.0529	-016.6658	813.0829	0.97811	0.17606	-0.11091	-0.17010	0.98353	0.06116	0.11985	-0.04096	0.99195	-123.2685	-031.9855	818.1931	0.92920	0.36450	-0.06108	-0.36117	0.93062	0.05919	0.07841	-0.03294	0.99638	-081.1204	-055.1275	823.9747	0.84208	0.52315	-0.13119	-0.52658	0.85007	0.00980	0.11665	0.06083	0.99131	-041.9446	-085.9501	830.0342	0.73872	0.60312	-0.30090	-0.63456	0.77282	-0.00885	0.22720	0.19748	0.95362	-008.9542	-120.9579	835.6164	0.67169	0.73643	-0.08068	-0.73374	0.67633	0.06479	0.10228	0.01568	0.99463	022.5830	-160.5767	842.0911	0.60585	0.79460	-0.03949	-0.79292	0.60713	0.05172	0.06508	-0.00002	0.99788	049.6815	-200.2560	846.1581	0.55075	0.81955	-0.15815	-0.82836	0.55994	0.01693	0.10243	0.12168	0.98727	073.9319	-242.1442	851.3897	0.52918	0.83568	-0.14700	-0.84365	0.53671	0.01411	0.09068	0.11655	0.98904	
16	-121.3123	055.5224	732.5644	0.98891	0.00853	-0.14828	-0.00987	0.99992	-0.00827	0.14820	0.00964	0.98891	-218.3904	-009.1988	805.8802	0.99815	0.00613	-0.06044	-0.00832	0.99932	-0.03605	0.06018	0.03649	0.99752	-169.0529	-016.6666	813.0829	0.97811	0.17606	-0.11094	-0.17010	0.98353	0.06117	0.11988	-0.04096	0.99194	-123.2670	-031.9853	818.1584	0.92901	0.36383	-0.06754	-0.36070	0.93110	0.05438	0.08268	-0.02616	0.99623	-081.1205	-055.1249	823.9473	0.84186	0.52217	-0.13640	-0.52648	0.85017	0.00525	0.11871	0.06739	0.99064	-041.9555	-085.9505	830.1309	0.73211	0.59573	-0.33033	-0.63375	0.77348	-0.00967	0.24974	0.21643	0.94382	-008.9560	-120.9578	834.7511	0.67098	0.73500	-0.09777	-0.73468	0.67684	0.04626	0.10017	0.04079	0.99413	022.5449	-160.5705	840.9646	0.59857	0.79786	-0.07171	-0.79221	0.60284	0.09481	0.11887	0.00006	0.99291	049.6815	-200.2560	846.1901	0.55075	0.81954	-0.15819	-0.82836	0.55994	0.01691	0.10243	0.12173	0.98726	073.9301	-242.1303	850.8896	0.51252	0.77124	-0.37751	-0.84872	0.52173	-0.08639	0.13033	0.36468	0.92197	
17	-121.3122	055.5223	732.5573	0.98891	0.00855	-0.14828	-0.00985	0.99992	-0.00802	0.14820	0.00939	0.98891	-218.3731	-009.1884	805.7808	0.99766	0.00435	-0.06820	-0.00917	0.99747	-0.07051	0.06772	0.07097	0.99518	-169.0336	-016.7542	812.2659	0.98493	0.17294	0.00269	-0.17296	0.98484	0.01290	-0.00042	-0.01317	0.99991	-123.2663	-031.9845	818.1392	0.92811	0.36350	-0.08045	-0.36128	0.93155	0.04120	0.08992	-0.00918	0.99591	-081.1224	-055.1241	823.9179	0.84141	0.52228	-0.13873	-0.52660	0.85009	0.00653	0.12134	0.06756	0.99031	-041.9597	-085.9506	830.2307	0.72504	0.58791	-0.35872	-0.63311	0.77398	-0.01115	0.27109	0.23519	0.93338	-008.9641	-120.9558	834.8043	0.66129	0.72987	-0.17319	-0.73401	0.67720	0.05129	0.15472	0.09320	0.98355	022.5449	-160.5705	840.9646	0.59857	0.79786	-0.07171	-0.79221	0.60284	0.09481	0.11887	0.00006	0.99291	049.6890	-200.2571	846.0736	0.55167	0.82071	-0.14865	-0.82793	0.56042	0.02156	0.10100	0.11118	0.98866	073.9192	-242.1315	850.7207	0.52101	0.82241	-0.22845	-0.84790	0.52942	-0.02787	0.09802	0.20823	0.97316	
18	-121.3117	055.5214	732.5438	0.98890	0.00833	-0.14835	-0.00981	0.99991	-0.00925	0.14826	0.01060	0.98889	-218.4146	-009.2154	805.9859	0.99993	0.00473	-0.01108	-0.00479	0.99997	-0.00549	0.01106	0.00554	0.99992	-169.1980	-016.5646	814.1893	0.94697	0.17735	-0.26795	-0.16011	0.98343	0.08505	0.27859	-0.03764	0.95967	-123.2645	-031.9838	818.1353	0.92869	0.36359	-0.07308	-0.36084	0.93137	0.04833	0.08564	-0.01851	0.99615	-081.1241	-055.1238	823.9186	0.84223	0.52345	-0.12903	-0.52676	0.84996	0.00980	0.11480	0.05971	0.99159	-041.9725	-085.9705	829.9108	0.75695	0.62976	-0.17446	-0.63957	0.76874	-0.00002	0.13411	0.11159	0.98466	-008.9597	-120.9577	835.0029	0.66861	0.73630	-0.10402	-0.73417	0.67585	0.06497	0.11814	0.03293	0.99245	022.5421	-160.5720	840.8248	0.59776	0.79849	-0.07134	-0.79150	0.60197	0.10563	0.12729	-0.00667	0.99184	049.6917	-200.2632	846.0180	0.55127	0.81820	-0.16323	-0.82786	0.56074	0.01481	0.10365	0.12697	0.98648	073.9169	-242.1404	850.7810	0.52130	0.81943	-0.23828	-0.84666	0.53158	-0.02419	0.10684	0.21435	0.97089	
19	-121.3127	055.5210	732.5546	0.98883	0.00821	-0.14883	-0.00980	0.99990	-0.01000	0.14873	0.01135	0.98881	-218.4396	-009.2211	806.1836	0.99895	0.01041	-0.04453	-0.00954	0.99976	0.01958	0.04472	-0.01913	0.99882	-169.1356	-016.6425	813.4297	0.97943	0.17343	-0.10313	-0.16997	0.98458	0.04147	0.10873	-0.02308	0.99380	-123.2643	-031.9836	818.1449	0.92908	0.36415	-0.06479	-0.36104	0.93093	0.05495	0.08032	-0.02766	0.99639	-081.1227	-055.1236	823.9170	0.84197	0.52354	-0.13037	-0.52690	0.84987	0.01000	0.11603	0.06028	0.99141	-041.9725	-085.9705	829.8134	0.75728	0.63136	-0.16706	-0.63917	0.76902	0.00893	0.13411	0.10002	0.98591	-008.9597	-120.9582	835.0029	0.66861	0.73630	-0.10403	-0.73417	0.67585	0.06496	0.11814	0.03295	0.99245	022.5151	-160.5673	840.8802	0.58947	0.77404	-0.23108	-0.79639	0.60475	-0.00582	0.13524	0.18746	0.97292	049.6939	-200.2586	846.0057	0.55181	0.81985	-0.15282	-0.82825	0.56017	0.01460	0.09757	0.11852	0.98815	073.9164	-242.1404	850.7810	0.52121	0.81936	-0.23872	-0.84650	0.53191	-0.02251	0.10853	0.21381	0.97083	
20	-121.3133	055.5217	732.5699	0.98894	0.00866	-0.14809	-0.00980	0.99993	-0.00697	0.14802	0.00834	0.98895	-218.4380	-009.2176	806.2266	0.99765	0.01144	-0.06757	-0.01046	0.99984	0.01480	0.06773	-0.01406	0.99760	-169.0326	-016.6620	813.0533	0.97051	0.16699	-0.17386	-0.17200	0.98500	-0.01405	0.16890	0.04354	0.98467	-123.2597	-031.9839	818.1441	0.92929	0.36376	-0.06399	-0.36102	0.93119	0.05053	0.07797	-0.02386	0.99667	-081.1220	-055.1238	823.9499	0.84239	0.52390	-0.12611	-0.52634	0.85013	0.01587	0.11553	0.05301	0.99189	-041.9762	-085.9717	829.7805	0.75827	0.63352	-0.15388	-0.63980	0.76846	0.01099	0.12522	0.09012	0.98803	-008.9713	-120.9628	834.9458	0.66859	0.73524	-0.11137	-0.72324	0.67776	0.13258	0.17296	-0.00810	0.98490	022.5192	-160.5714	841.0248	0.59602	0.77922	-0.19384	-0.79559	0.60573	-0.01129	0.10862	0.16094	0.98097	049.6917	-200.2524	846.0236	0.55174	0.81901	-0.15749	-0.82807	0.56046	0.01364	0.09944	0.12289	0.98743	073.9149	-242.1450	850.8323	0.52069	0.81515	-0.25379	-0.84595	0.53269	-0.02466	0.11509	0.22753	0.96695	
