"#"	"COOLCARD X"	"COOLCARD Y"	"COOLCARD Z"	"COOLCARD R11"	"COOLCARD R12"	"COOLCARD R13"	"COOLCARD R21"	"COOLCARD R22"	"COOLCARD R23"	"COOLCARD R31"	"COOLCARD R32"	"COOLCARD R33"	"TR_0(1) X"	"TR_0(1) Y"	"TR_0(1) Z"	"TR_0(1) R11"	"TR_0(1) R12"	"TR_0(1) R13"	"TR_0(1) R21"	"TR_0(1) R22"	"TR_0(1) R23"	"TR_0(1) R31"	"TR_0(1) R32"	"TR_0(1) R33"	"TR_1 X"	"TR_1 Y"	"TR_1 Z"	"TR_1 R11"	"TR_1 R12"	"TR_1 R13"	"TR_1 R21"	"TR_1 R22"	"TR_1 R23"	"TR_1 R31"	"TR_1 R32"	"TR_1 R33"	"TR_2 X"	"TR_2 Y"	"TR_2 Z"	"TR_2 R11"	"TR_2 R12"	"TR_2 R13"	"TR_2 R21"	"TR_2 R22"	"TR_2 R23"	"TR_2 R31"	"TR_2 R32"	"TR_2 R33"	"TR_3 X"	"TR_3 Y"	"TR_3 Z"	"TR_3 R11"	"TR_3 R12"	"TR_3 R13"	"TR_3 R21"	"TR_3 R22"	"TR_3 R23"	"TR_3 R31"	"TR_3 R32"	"TR_3 R33"	"TR_4 X"	"TR_4 Y"	"TR_4 Z"	"TR_4 R11"	"TR_4 R12"	"TR_4 R13"	"TR_4 R21"	"TR_4 R22"	"TR_4 R23"	"TR_4 R31"	"TR_4 R32"	"TR_4 R33"	"TR_5 X"	"TR_5 Y"	"TR_5 Z"	"TR_5 R11"	"TR_5 R12"	"TR_5 R13"	"TR_5 R21"	"TR_5 R22"	"TR_5 R23"	"TR_5 R31"	"TR_5 R32"	"TR_5 R33"	"TR_6 X"	"TR_6 Y"	"TR_6 Z"	"TR_6 R11"	"TR_6 R12"	"TR_6 R13"	"TR_6 R21"	"TR_6 R22"	"TR_6 R23"	"TR_6 R31"	"TR_6 R32"	"TR_6 R33"	"TR_7 X"	"TR_7 Y"	"TR_7 Z"	"TR_7 R11"	"TR_7 R12"	"TR_7 R13"	"TR_7 R21"	"TR_7 R22"	"TR_7 R23"	"TR_7 R31"	"TR_7 R32"	"TR_7 R33"	"TR_8 X"	"TR_8 Y"	"TR_8 Z"	"TR_8 R11"	"TR_8 R12"	"TR_8 R13"	"TR_8 R21"	"TR_8 R22"	"TR_8 R23"	"TR_8 R31"	"TR_8 R32"	"TR_8 R33"	
1	-132.1446	053.1432	727.4458	0.99845	0.01061	-0.05469	-0.01096	0.99992	-0.00607	0.05462	0.00666	0.99848	-222.0096	-011.8861	808.9211	0.99994	0.00968	0.00460	-0.00955	0.99958	-0.02747	-0.00487	0.02742	0.99961	-170.0522	-009.2551	808.5074	0.99755	-0.06994	-0.00209	0.06993	0.99562	0.06208	-0.00226	-0.06208	0.99807	-119.9826	-007.8841	808.6125	0.99734	-0.03877	0.06177	0.03988	0.99906	-0.01692	-0.06106	0.01934	0.99795	-070.4883	-007.7337	806.0878	0.99925	0.00565	0.03839	-0.00590	0.99996	0.00666	-0.03835	-0.00688	0.99924	-019.5162	-009.4573	807.0157	0.99786	0.05316	0.03808	-0.05410	0.99824	0.02432	-0.03672	-0.02633	0.99898	028.6910	-016.1738	806.0930	0.98885	0.14748	0.02052	-0.14791	0.98878	0.02101	-0.01719	-0.02381	0.99957	078.2053	-027.0914	804.7651	0.96825	0.24986	0.00816	-0.24915	0.96715	-0.05038	-0.02048	0.04674	0.99870	123.3854	-042.3196	802.9775	0.93730	0.34786	0.02158	-0.34635	0.93657	-0.05371	-0.03890	0.04287	0.99832	165.7343	-064.2487	801.7884	0.88702	0.46150	0.01491	-0.46068	0.88670	-0.03916	-0.03130	0.02787	0.99912	
2	-132.1451	053.1471	727.4480	0.99845	0.01052	-0.05460	-0.01087	0.99992	-0.00612	0.05454	0.00670	0.99849	-222.0211	-011.8848	808.9332	0.99983	0.00925	0.01595	-0.00887	0.99967	-0.02407	-0.01617	0.02393	0.99958	-170.0021	-009.3567	808.1370	0.99682	-0.07233	-0.03345	0.07573	0.99046	0.11513	0.02480	-0.11729	0.99279	-119.9821	-007.8841	808.6274	0.99783	-0.04003	0.05233	0.04046	0.99915	-0.00727	-0.05199	0.00937	0.99860	-070.4884	-007.7339	806.0817	0.99940	0.00542	0.03435	-0.00566	0.99996	0.00701	-0.03431	-0.00720	0.99939	-019.5166	-009.4584	807.0357	0.99805	0.05341	0.03238	-0.05420	0.99824	0.02399	-0.03105	-0.02570	0.99919	028.6911	-016.1736	806.0993	0.98886	0.14749	0.01988	-0.14789	0.98880	0.02000	-0.01671	-0.02272	0.99960	078.2047	-027.0917	804.7427	0.96818	0.25013	0.00777	-0.24937	0.96693	-0.05353	-0.02090	0.04989	0.99854	123.3813	-042.3160	802.9471	0.93735	0.34798	0.01667	-0.34640	0.93604	-0.06194	-0.03716	0.05228	0.99794	165.7334	-064.2479	801.7571	0.88709	0.46139	0.01362	-0.46061	0.88675	-0.03882	-0.02998	0.02816	0.99915	
3	-132.1445	053.1481	727.4462	0.99842	0.01048	-0.05515	-0.01084	0.99992	-0.00607	0.05508	0.00666	0.99846	-222.0082	-011.8873	808.9286	0.99994	0.01083	-0.00267	-0.01090	0.99955	-0.02805	0.00237	0.02807	0.99960	-170.0728	-008.9934	809.4413	0.99851	-0.05255	0.01447	0.05337	0.99657	-0.06323	-0.01110	0.06391	0.99789	-119.9816	-007.8833	808.6304	0.99771	-0.03958	0.05492	0.04008	0.99916	-0.00806	-0.05456	0.01024	0.99846	-070.4885	-007.7331	806.0895	0.99935	0.00555	0.03570	-0.00593	0.99993	0.01049	-0.03564	-0.01070	0.99931	-019.5166	-009.4575	807.0357	0.99805	0.05341	0.03241	-0.05421	0.99823	0.02440	-0.03105	-0.02610	0.99918	028.6904	-016.1727	806.0942	0.98883	0.14727	0.02296	-0.14775	0.98881	0.02081	-0.01963	-0.02397	0.99952	078.2038	-027.0886	804.7505	0.96821	0.24929	0.02039	-0.24869	0.96818	-0.02797	-0.02672	0.02201	0.99940	123.3783	-042.3132	802.9330	0.93749	0.34771	0.01444	-0.34630	0.93619	-0.06017	-0.03444	0.05140	0.99808	165.7317	-064.2478	801.7578	0.88699	0.46156	0.01452	-0.46079	0.88670	-0.03785	-0.03035	0.02688	0.99918	
4	-132.1423	053.1479	727.4250	0.99841	0.01038	-0.05546	-0.01080	0.99991	-0.00739	0.05537	0.00798	0.99843	-222.0076	-011.8879	808.9323	0.99992	0.01140	-0.00631	-0.01157	0.99953	-0.02833	0.00598	0.02840	0.99958	-170.0728	-008.9934	809.4413	0.99851	-0.05253	0.01447	0.05335	0.99657	-0.06323	-0.01110	0.06391	0.99789	-119.9816	-007.8835	808.6255	0.99771	-0.03958	0.05492	0.04008	0.99916	-0.00806	-0.05456	0.01024	0.99846	-070.4885	-007.7334	806.0931	0.99927	0.00523	0.03795	-0.00551	0.99996	0.00723	-0.03791	-0.00743	0.99925	-019.5174	-009.4577	807.0427	0.99791	0.05333	0.03650	-0.05452	0.99798	0.03249	-0.03469	-0.03441	0.99881	028.6904	-016.1727	806.0942	0.98883	0.14729	0.02288	-0.14776	0.98881	0.02031	-0.01963	-0.02347	0.99953	078.2038	-027.0861	804.7363	0.96815	0.25014	0.01100	-0.24932	0.96716	-0.04939	-0.02299	0.04507	0.99872	123.3783	-042.3135	802.9330	0.93749	0.34770	0.01447	-0.34629	0.93620	-0.06009	-0.03444	0.05132	0.99809	165.7292	-064.2492	801.7367	0.88691	0.46172	0.01440	-0.46090	0.88656	-0.03967	-0.03108	0.02855	0.99911	
5	-132.1414	053.1483	727.4101	0.99839	0.01032	-0.05576	-0.01079	0.99991	-0.00814	0.05567	0.00873	0.99841	-222.0070	-011.8886	808.9361	0.99988	0.01197	-0.00995	-0.01225	0.99952	-0.02862	0.00960	0.02874	0.99954	-170.0075	-009.3376	808.1476	0.99800	-0.06326	0.00118	0.06317	0.99731	0.03727	-0.00353	-0.03713	0.99930	-119.9818	-007.8828	808.6201	0.99755	-0.03917	0.05802	0.03975	0.99917	-0.00893	-0.05762	0.01122	0.99828	-070.4882	-007.7334	806.0999	0.99928	0.00554	0.03758	-0.00579	0.99996	0.00646	-0.03754	-0.00667	0.99927	-019.5171	-009.4579	807.0416	0.99783	0.05329	0.03873	-0.05443	0.99810	0.02890	-0.03711	-0.03094	0.99883	028.6905	-016.1718	806.0954	0.98888	0.14730	0.02025	-0.14769	0.98885	0.01921	-0.01719	-0.02199	0.99961	078.2034	-027.0850	804.7504	0.96806	0.24982	0.02104	-0.24930	0.96812	-0.02438	-0.02646	0.01836	0.99948	123.3688	-042.3188	802.9130	0.93815	0.34565	0.02018	-0.34459	0.93778	-0.04266	-0.03367	0.03307	0.99889	165.7270	-064.2479	801.7289	0.88701	0.46164	0.01046	-0.46075	0.88634	-0.04587	-0.03045	0.03587	0.99889	
6	-132.1419	053.1478	727.4244	0.99840	0.01049	-0.05553	-0.01081	0.99993	-0.00561	0.05546	0.00620	0.99844	-222.0066	-011.8892	808.9399	0.99983	0.01254	-0.01359	-0.01293	0.99950	-0.02890	0.01322	0.02907	0.99949	-170.1069	-008.8187	810.2041	0.99621	-0.06414	0.05880	0.06147	0.99704	0.04617	-0.06159	-0.04238	0.99720	-119.9821	-007.8822	808.6147	0.99739	-0.03861	0.06108	0.03938	0.99916	-0.01155	-0.06058	0.01392	0.99807	-070.4880	-007.7340	806.1082	0.99922	0.00534	0.03909	-0.00594	0.99986	0.01538	-0.03900	-0.01560	0.99912	-019.5182	-009.4589	807.0314	0.99761	0.05305	0.04437	-0.05453	0.99797	0.03298	-0.04253	-0.03532	0.99847	028.6905	-016.1718	806.0954	0.98888	0.14730	0.02025	-0.14769	0.98885	0.01921	-0.01719	-0.02199	0.99961	078.2042	-027.0845	804.7649	0.96809	0.25025	0.01321	-0.24949	0.96742	-0.04302	-0.02354	0.03835	0.99899	123.3639	-042.3225	802.9068	0.93851	0.34449	0.02298	-0.34370	0.93851	-0.03262	-0.03281	0.02272	0.99920	165.7300	-064.2466	801.7569	0.88698	0.46152	0.01629	-0.46077	0.88680	-0.03591	-0.03102	0.02435	0.99922	
7	-132.1413	053.1474	727.4213	0.99841	0.01041	-0.05548	-0.01082	0.99992	-0.00726	0.05540	0.00784	0.99843	-222.0062	-011.8898	808.9436	0.99977	0.01311	-0.01722	-0.01361	0.99948	-0.02918	0.01683	0.02941	0.99943	-170.0419	-008.9540	809.1827	0.99795	-0.06353	0.00742	0.06392	0.99471	-0.08046	-0.00227	0.08077	0.99673	-119.9824	-007.8816	808.6093	0.99722	-0.03811	0.06411	0.03904	0.99915	-0.01330	-0.06355	0.01576	0.99785	-070.3862	-006.9396	809.4463	0.99901	0.00896	-0.04355	-0.01397	0.99314	-0.11614	0.04221	0.11663	0.99228	-019.5183	-009.4600	807.0422	0.99769	0.05415	0.04110	-0.05538	0.99803	0.02934	-0.03943	-0.03155	0.99872	028.6907	-016.1718	806.0998	0.98890	0.14736	0.01887	-0.14771	0.98885	0.01889	-0.01588	-0.02147	0.99964	078.2042	-027.0845	804.7649	0.96809	0.25025	0.01330	-0.24949	0.96744	-0.04265	-0.02354	0.03797	0.99900	123.3639	-042.3248	802.9208	0.93795	0.34616	0.02034	-0.34505	0.93755	-0.04409	-0.03433	0.03433	0.99882	165.7300	-064.2466	801.7456	0.88694	0.46159	0.01629	-0.46083	0.88676	-0.03591	-0.03102	0.02435	0.99922	
8	-132.1414	053.1473	727.4284	0.99841	0.01048	-0.05540	-0.01087	0.99992	-0.00681	0.05532	0.00740	0.99844	-222.0058	-011.8904	808.9474	0.99969	0.01368	-0.02086	-0.01429	0.99946	-0.02946	0.02045	0.02975	0.99935	-170.1109	-009.0169	809.6701	0.98702	-0.06314	0.14768	0.04045	0.98757	0.15187	-0.15543	-0.14392	0.97731	-119.9828	-007.8810	808.6041	0.99704	-0.03760	0.06703	0.03869	0.99914	-0.01505	-0.06641	0.01760	0.99764	-070.4793	-007.6495	806.8314	0.99393	-0.00650	-0.10982	0.02661	0.98281	0.18268	0.10675	-0.18449	0.97702	-019.5172	-009.4603	807.0490	0.99804	0.05419	0.03117	-0.05478	0.99833	0.01844	-0.03012	-0.02011	0.99934	028.6910	-016.1716	806.1022	0.98891	0.14736	0.01835	-0.14770	0.98886	0.01863	-0.01540	-0.02113	0.99966	078.2049	-027.0846	804.7746	0.96821	0.24979	0.01331	-0.24911	0.96767	-0.03960	-0.02277	0.03503	0.99913	123.3676	-042.3248	802.9383	0.93775	0.34609	0.02895	-0.34495	0.93785	-0.03807	-0.04033	0.02571	0.99886	165.7318	-064.2458	801.7593	0.88703	0.46144	0.01598	-0.46070	0.88685	-0.03544	-0.03053	0.02408	0.99924	
9	-132.1407	053.1473	727.4142	0.99835	0.01033	-0.05643	-0.01080	0.99991	-0.00807	0.05634	0.00866	0.99837	-222.0111	-011.8862	808.9910	0.99981	0.01305	-0.01463	-0.01337	0.99966	-0.02238	0.01434	0.02257	0.99964	-170.1070	-009.0198	809.4472	0.99660	-0.05869	0.05779	0.05777	0.99818	0.01757	-0.05872	-0.01417	0.99817	-119.9831	-007.8794	808.6066	0.99715	-0.03764	0.06542	0.03895	0.99906	-0.01878	-0.06466	0.02127	0.99768	-070.4888	-007.7370	806.1176	0.99915	0.00693	0.04052	-0.00752	0.99987	0.01445	-0.04041	-0.01474	0.99907	-019.5167	-009.4598	807.0344	0.99808	0.05479	0.02893	-0.05492	0.99848	0.00389	-0.02867	-0.00547	0.99957	028.6917	-016.1713	806.0914	0.98893	0.14744	0.01675	-0.14774	0.98886	0.01792	-0.01392	-0.02019	0.99970	078.2049	-027.0846	804.7746	0.96820	0.24985	0.01317	-0.24917	0.96765	-0.03957	-0.02264	0.03503	0.99913	123.3679	-042.3235	802.9229	0.93785	0.34653	0.01899	-0.34533	0.93724	-0.04829	-0.03454	0.03873	0.99865	165.7326	-064.2476	801.7635	0.88701	0.46156	0.01327	-0.46087	0.88672	-0.03640	-0.02856	0.02617	0.99925	
10	-132.1406	053.1473	727.4111	0.99836	0.01032	-0.05627	-0.01076	0.99991	-0.00754	0.05619	0.00813	0.99839	-222.0101	-011.8842	808.9751	0.99985	0.01362	-0.01063	-0.01386	0.99965	-0.02251	0.01032	0.02265	0.99969	-170.1054	-009.0225	809.4266	0.99765	-0.05836	0.03579	0.05736	0.99795	0.02845	-0.03738	-0.02633	0.99895	-119.9844	-007.8800	808.6054	0.99666	-0.03836	0.07213	0.03933	0.99915	-0.01202	-0.07161	0.01482	0.99732	-070.4880	-007.7357	806.1043	0.99936	0.00667	0.03502	-0.00705	0.99992	0.01067	-0.03495	-0.01091	0.99933	-019.5167	-009.4598	807.0344	0.99808	0.05470	0.02893	-0.05483	0.99849	0.00389	-0.02868	-0.00547	0.99957	028.6917	-016.1713	806.0914	0.98893	0.14744	0.01675	-0.14774	0.98886	0.01792	-0.01392	-0.02019	0.99970	078.2051	-027.0851	804.7735	0.96822	0.24976	0.01283	-0.24907	0.96764	-0.04054	-0.02254	0.03605	0.99910	123.3668	-042.3205	802.9080	0.93781	0.34654	0.02066	-0.34526	0.93725	-0.04856	-0.03619	0.03841	0.99861	165.7331	-064.2463	801.7574	0.88711	0.46152	0.00629	-0.46069	0.88619	-0.04934	-0.02835	0.04088	0.99876	
11	-132.1376	053.1300	727.1804	0.99845	0.01084	-0.05458	-0.01098	0.99994	-0.00242	0.05455	0.00302	0.99851	-221.9685	-011.8976	808.4444	0.99975	0.00976	0.02029	-0.00971	0.99995	-0.00241	-0.02031	0.00221	0.99979	-172.7459	-017.5689	809.3585	0.98534	0.16938	0.02027	-0.17024	0.98396	0.05334	-0.01091	-0.05601	0.99837	-126.8453	-033.1215	807.1046	0.92877	0.36542	0.06208	-0.35080	0.92068	-0.17113	-0.11969	0.13716	0.98329	-084.0698	-055.0202	805.8898	0.86240	0.50596	0.01628	-0.50572	0.86253	-0.01686	-0.02257	0.00631	0.99973	-043.9072	-084.5967	802.7227	0.78943	0.60818	0.08319	-0.61342	0.78663	0.07026	-0.02271	-0.10650	0.99405	-009.6985	-118.3406	799.9678	0.69797	0.71311	0.06566	-0.71469	0.69944	0.00080	-0.04535	-0.04748	0.99784	023.0776	-156.9974	796.9296	0.62355	0.77067	0.13134	-0.77751	0.62887	0.00127	-0.08161	-0.10291	0.99134	051.2833	-195.7773	792.9440	0.57275	0.81894	-0.03599	-0.81767	0.56765	-0.09590	-0.05811	0.08435	0.99474	076.4252	-237.3194	790.8301	0.53949	0.80934	0.23222	-0.82723	0.56090	-0.03303	-0.15699	-0.17427	0.97210	
12	-132.1384	053.1304	727.1803	0.99846	0.01078	-0.05451	-0.01097	0.99993	-0.00317	0.05447	0.00377	0.99851	-221.9620	-011.8945	808.4132	0.99978	0.00992	0.01835	-0.00981	0.99993	-0.00597	-0.01841	0.00579	0.99981	-172.6666	-017.5316	808.4646	0.98416	0.15505	0.08597	-0.15569	0.98781	0.00077	-0.08480	-0.01414	0.99630	-126.8747	-033.1348	806.8230	0.91915	0.37861	0.10870	-0.34863	0.91036	-0.22293	-0.18337	0.16701	0.96875	-084.0727	-055.0186	805.8976	0.86240	0.50601	0.01493	-0.50590	0.86253	-0.01057	-0.01822	0.00156	0.99983	-043.9061	-084.5829	803.0751	0.78357	0.60735	0.13094	-0.61100	0.79149	-0.01493	-0.11270	-0.06831	0.99128	-009.6954	-118.3386	799.9988	0.69774	0.71070	0.08980	-0.71436	0.69965	0.01331	-0.05337	-0.07343	0.99587	023.0603	-156.9874	796.6894	0.62282	0.76588	0.15975	-0.77745	0.62872	0.01682	-0.08756	-0.13467	0.98701	051.2913	-195.7875	793.1428	0.57376	0.81898	-0.00838	-0.81753	0.57206	-0.06618	-0.04941	0.04482	0.99777	076.4042	-237.2455	790.3861	0.53520	0.84465	0.01130	-0.84262	0.53476	-0.06338	-0.05958	0.02440	0.99793	
13	-132.1398	053.1299	727.1840	0.99846	0.01074	-0.05443	-0.01091	0.99994	-0.00291	0.05439	0.00350	0.99851	-221.9539	-011.8886	808.3828	0.99981	0.01007	0.01642	-0.00991	0.99991	-0.00953	-0.01651	0.00936	0.99982	-172.6635	-017.6150	809.0679	0.98692	0.15887	-0.02722	-0.16063	0.98343	-0.08409	0.01341	0.08736	0.99609	-126.8368	-032.9811	808.1015	0.94249	0.33123	0.04465	-0.33419	0.93196	0.14058	0.00495	-0.14742	0.98906	-084.0738	-055.0178	805.8963	0.86237	0.50613	0.01250	-0.50604	0.86245	-0.01011	-0.01589	0.00239	0.99987	-043.8939	-084.5630	802.8664	0.78862	0.61435	0.02557	-0.61150	0.78796	-0.07207	-0.06442	0.04120	0.99707	-009.6929	-118.3404	800.0629	0.69801	0.71131	0.08254	-0.71413	0.69998	0.00693	-0.05285	-0.06379	0.99656	023.0691	-157.0563	796.7250	0.63382	0.75133	0.18376	-0.77341	0.61872	0.13793	-0.01006	-0.22955	0.97325	051.3542	-195.8318	793.8493	0.57388	0.81520	0.07819	-0.81116	0.57896	-0.08267	-0.11266	-0.01598	0.99350	076.3886	-237.2260	790.9333	0.53859	0.83450	-0.11636	-0.84139	0.52536	-0.12673	-0.04463	0.16616	0.98509	
14	-132.1393	053.1292	727.1774	0.99847	0.01068	-0.05427	-0.01087	0.99994	-0.00313	0.05423	0.00372	0.99852	0 	 0	0	0 	 0	0	0 	 0	0	0 	 0	0	-172.6333	-017.7416	808.0132	0.98252	0.17649	0.05918	-0.17086	0.98121	-0.08960	-0.07388	0.07792	0.99422	-126.8346	-033.0343	807.9625	0.93941	0.34175	0.02676	-0.33569	0.93295	-0.13006	-0.06942	0.11320	0.99114	-084.0735	-055.0181	805.9226	0.86248	0.50601	0.00913	-0.50594	0.86252	-0.00904	-0.01245	0.00318	0.99992	-043.8589	-084.6054	803.7782	0.78716	0.61635	0.02211	-0.61568	0.78741	-0.03046	-0.03618	0.01036	0.99929	-009.6130	-118.3902	801.0338	0.69783	0.70111	0.14654	-0.71342	0.69856	0.05519	-0.06367	-0.14306	0.98766	023.0579	-157.0863	796.5845	0.63822	0.74076	0.20964	-0.76977	0.61002	0.18796	0.01135	-0.28134	0.95954	051.3891	-195.8524	794.5308	0.57192	0.82029	-0.00579	-0.81732	0.56922	-0.08935	-0.06999	0.05584	0.99598	076.5543	-237.3804	792.4084	0.53895	0.83065	0.13981	-0.83766	0.54599	-0.01481	-0.08864	-0.10913	0.99007	
15	-132.1392	053.1288	727.1835	0.99847	0.01073	-0.05415	-0.01091	0.99994	-0.00293	0.05412	0.00352	0.99853	0 	 0	0	0 	 0	0	0 	 0	0	0 	 0	0	-172.6230	-017.2218	809.7262	0.98759	0.15686	-0.00813	-0.15411	0.97766	0.14293	0.03036	-0.13990	0.98970	-126.8346	-033.0343	807.9625	0.93976	0.34116	0.02161	-0.33582	0.93316	-0.12822	-0.06391	0.11324	0.99151	-084.0727	-055.0194	805.9396	0.86243	0.50591	0.01620	-0.50572	0.86257	-0.01464	-0.02138	0.00444	0.99976	-043.8321	-084.6118	803.5962	0.78227	0.61785	0.07943	-0.62166	0.78245	0.03617	-0.03980	-0.07768	0.99618	-009.6053	-118.4139	800.8451	0.69990	0.71243	0.05093	-0.70868	0.70156	-0.07479	-0.08902	0.01625	0.99590	023.0803	-157.1298	797.2829	0.63026	0.77560	0.03489	-0.77600	0.63073	-0.00324	-0.02452	-0.02504	0.99939	051.3943	-195.8576	794.5985	0.57141	0.81899	-0.05236	-0.81928	0.56557	-0.09445	-0.04774	0.09687	0.99415	076.5019	-237.3524	792.1191	0.53213	0.84666	0.00296	-0.84506	0.53133	-0.05966	-0.05209	0.02924	0.99821	
16	-132.1390	053.1284	727.1767	0.99845	0.01062	-0.05467	-0.01087	0.99993	-0.00429	0.05462	0.00488	0.99850	-222.0736	-011.9055	809.1149	0.99900	0.00967	0.04366	-0.01180	0.99874	0.04883	-0.04314	-0.04930	0.99785	-172.6318	-017.4527	809.0872	0.98308	0.15204	0.10212	-0.14456	0.98649	-0.07714	-0.11247	0.06107	0.99178	-126.8264	-033.1883	806.8796	0.93274	0.35936	-0.02926	-0.35967	0.92174	-0.14505	-0.02516	0.14582	0.98899	-084.0718	-055.0202	805.9602	0.86237	0.50611	0.01300	-0.50598	0.86246	-0.01195	-0.01726	0.00372	0.99984	-043.8425	-084.6095	803.3670	0.78345	0.62143	-0.00505	-0.61987	0.78085	-0.07769	-0.04433	0.06399	0.99697	-009.6118	-118.4199	800.9426	0.69996	0.71052	0.07223	-0.71102	0.70279	-0.02301	-0.06711	-0.03525	0.99712	023.0741	-157.1915	797.5508	0.62930	0.77610	-0.04063	-0.77650	0.62575	-0.07401	-0.03201	0.07812	0.99643	051.3953	-195.8653	794.6126	0.57467	0.81836	0.00594	-0.81610	0.57359	-0.07049	-0.06109	0.03567	0.99749	076.4891	-237.3527	791.9860	0.53466	0.83181	0.14914	-0.84258	0.53826	0.01853	-0.06486	-0.13557	0.98864	
17	-132.1392	053.1282	727.1733	0.99846	0.01079	-0.05443	-0.01096	0.99994	-0.00269	0.05440	0.00328	0.99851	-222.0736	-011.9055	809.1149	0.99900	0.00967	0.04366	-0.01180	0.99874	0.04883	-0.04314	-0.04930	0.99785	-172.6096	-017.5407	808.7863	0.98593	0.16383	0.03319	-0.16320	0.98637	-0.02110	-0.03619	0.01538	0.99923	-126.7932	-032.7547	808.5276	0.93994	0.31917	0.12104	-0.33095	0.93894	0.09412	-0.08361	-0.12852	0.98818	-084.0709	-055.0177	805.9545	0.86244	0.50602	0.01176	-0.50587	0.86251	-0.01325	-0.01685	0.00548	0.99984	-043.8504	-084.6020	803.3809	0.78526	0.61834	0.03195	-0.61768	0.78590	-0.02869	-0.04285	0.00279	0.99908	-009.6191	-118.4159	800.8651	0.69896	0.71032	0.08307	-0.71218	0.70193	-0.00982	-0.06529	-0.05230	0.99650	023.1338	-156.9850	797.3645	0.62331	0.77579	-0.09815	-0.77846	0.60371	-0.17187	-0.07408	0.18353	0.98022	051.3722	-195.8243	793.9269	0.57398	0.81507	0.07878	-0.81334	0.57862	-0.06065	-0.09502	-0.02926	0.99505	076.4829	-237.3528	791.9860	0.53459	0.83370	0.13842	-0.84261	0.53840	0.01144	-0.06499	-0.12275	0.99031	
18	-132.1393	053.1277	727.1720	0.99847	0.01090	-0.05429	-0.01103	0.99994	-0.00202	0.05427	0.00262	0.99852	-221.9741	-011.8924	808.5437	0.99977	0.00988	0.01917	-0.00985	0.99995	-0.00150	-0.01919	0.00131	0.99982	-172.6109	-017.5573	808.8312	0.98531	0.16757	-0.03280	-0.16823	0.98557	-0.01863	0.02921	0.02388	0.99929	-126.7932	-032.8957	808.5276	0.94027	0.31969	0.11701	-0.33107	0.93876	0.09554	-0.07930	-0.12857	0.98853	-084.0765	-055.0152	805.9223	0.86247	0.50570	0.02022	-0.50560	0.86271	-0.01012	-0.02256	-0.00149	0.99974	-043.8504	-084.6020	803.3809	0.78526	0.61838	0.03126	-0.61768	0.78587	-0.02958	-0.04286	0.00392	0.99907	-009.6518	-118.3760	800.1642	0.69914	0.70411	0.12423	-0.71204	0.70143	0.03162	-0.06488	-0.11057	0.99175	023.0652	-157.0627	796.7316	0.63760	0.71842	0.27812	-0.77031	0.59011	0.24163	0.00947	-0.36830	0.92966	051.3091	-195.8353	793.2065	0.57443	0.81842	0.01488	-0.81488	0.57348	-0.08420	-0.07745	0.03625	0.99634	076.4602	-237.2944	790.7410	0.53630	0.84383	0.01827	-0.84224	0.53644	-0.05347	-0.05492	0.01329	0.99840	
19	-132.1395	053.1276	727.1770	0.99848	0.01091	-0.05411	-0.01101	0.99994	-0.00164	0.05409	0.00223	0.99853	-221.9668	-011.8804	808.3970	0.99970	0.00970	0.02229	-0.00950	0.99991	-0.00898	-0.02238	0.00876	0.99971	-172.6109	-017.5573	808.8312	0.98531	0.16757	-0.03280	-0.16823	0.98557	-0.01863	0.02921	0.02388	0.99929	-126.8257	-032.9952	807.7154	0.93762	0.34607	-0.03326	-0.34672	0.93783	-0.01629	0.02555	0.02681	0.99931	-084.0810	-055.0130	805.9012	0.86257	0.50549	0.02126	-0.50539	0.86283	-0.00988	-0.02333	-0.00222	0.99973	-043.9416	-084.7293	801.8051	0.79255	0.58440	0.17422	-0.60955	0.75088	0.25422	0.01775	-0.30767	0.95133	-009.6982	-118.3656	799.9863	0.69594	0.70796	0.12024	-0.71389	0.70019	0.00934	-0.07758	-0.09234	0.99270	022.8983	-157.2073	796.2958	0.67028	0.50983	0.53926	-0.73957	0.39882	0.54220	0.06136	-0.76225	0.64437	051.3080	-195.7524	792.9532	0.57478	0.81811	0.01800	-0.81555	0.57451	-0.06947	-0.06717	0.02525	0.99742	076.3080	-237.1628	789.8238	0.53737	0.84296	0.02556	-0.84228	0.53796	-0.03397	-0.04238	-0.00328	0.99910	
20	-132.1394	053.1281	727.1773	0.99845	0.01081	-0.05467	-0.01098	0.99994	-0.00277	0.05464	0.00336	0.99850	-221.9618	-011.8776	808.3731	0.99967	0.00914	0.02384	-0.00880	0.99986	-0.01444	-0.02397	0.01423	0.99961	-172.6169	-017.5624	808.9022	0.98586	0.16522	-0.02811	-0.16614	0.98551	-0.03404	0.02208	0.03823	0.99902	-126.8257	-032.9952	807.7154	0.93764	0.34609	-0.03239	-0.34673	0.93782	-0.01661	0.02463	0.02681	0.99934	-084.0847	-055.0088	805.8687	0.86238	0.50594	0.01798	-0.50581	0.86257	-0.01153	-0.02134	0.00085	0.99977	-043.9427	-084.7021	802.2173	0.77986	0.62346	0.05591	-0.62203	0.78186	-0.04215	-0.06999	-0.00191	0.99755	-009.6908	-118.3627	799.9404	0.69802	0.71088	0.08613	-0.71339	0.70077	-0.00231	-0.06199	-0.05983	0.99628	023.0025	-157.0073	796.6977	0.62487	0.77217	-0.11529	-0.77410	0.59357	-0.22011	-0.10152	0.22679	0.96864	051.2873	-195.7397	792.8807	0.57419	0.81871	0.00379	-0.81552	0.57235	-0.08567	-0.07231	0.04610	0.99632	076.3926	-237.2602	790.9906	0.53791	0.81724	0.20684	-0.84018	0.53978	0.05227	-0.06893	-0.20189	0.97698	
